0.0,0.0,0.0,0.0,0.0,0.0,0.0,0.0,0.0,0.0,0.0,0.0,0.0,0.0,0.0,0.0,0.0,0.0,0.0,0.0,0.0,0.0,0.0,0.0,0.0,0.0,0.0,0.0,0.0,0.0,0.0,0.0,0.0,0.0,0.0,0.0,0.0,0.0,0.0,0.0,0.0,0.0,0.0,0.0,0.0,0.0,0.0,0.0,0.0,0.0,0.0,0.0,0.0,0.0,0.0,0.0,0.0,0.0,0.0,0.0,0.0,0.0,0.0,0.0,0.0,0.0,0.0,0.0,0.0,0.0,0.0,0.0,0.0,0.0,0.0,0.0,0.0,0.0,0.0,0.0,0.0,0.0,0.0,0.0,0.0,0.0,0.0,0.0,0.0,0.0,0.0,0.0,0.0,0.0,0.0,0.0,0.0
0.0,0.0,0.0,0.0,0.0,0.0,0.0,0.0,0.0,0.0,0.0,0.0,0.0,0.0,0.0,0.0,0.0,0.0,0.0,0.0,0.0,0.0,0.0,0.0,0.0,0.0,0.0,0.0,0.0,0.0,0.0,0.0,0.0,0.0,0.0,0.0,0.0,0.0,0.0,0.0,0.0,0.9511916394847265,1.96533532489917,2.863195252575719,3.643658171622068,4.305744822539455,4.8486159219751555,5.271577381457236,5.574084685932313,5.7557463685735435,5.816326530612254,5.7557463685735435,5.574084685932313,5.271577381457236,4.8486159219751555,4.305744822539455,3.643658171622068,2.863195252575719,1.96533532489917,0.9511916394847265,0.0,0.0,0.0,0.0,0.0,0.0,0.0,0.0,0.0,0.0,0.0,0.0,0.0,0.0,0.0,0.0,0.0,0.0,0.0,0.0,0.0,0.0,0.0,0.0,0.0,0.0,0.0,0.0,0.0,0.0,0.0,0.0,0.0,0.0,0.0,0.0,0.0
0.0,0.0,0.0,0.0,0.0,0.0,0.0,0.0,0.0,0.0,0.0,0.0,0.0,0.0,0.0,0.0,0.0,0.0,0.0,0.0,0.0,0.0,0.0,0.0,0.0,0.0,0.0,0.0,0.0,0.0,0.0,0.0,0.0,0.0,0.0,0.0,0.0,1.3683410638829638,2.863195252575719,4.245490608004599,5.51355703108738,6.665833265996862,7.70087586104803,8.617367706345656,9.4141260377626,10.090109799388149,10.644426261619161,11.076336799572594,11.385261746397,11.570784248179569,11.632653061224508,11.570784248179569,11.385261746397,11.076336799572594,10.644426261619161,10.090109799388149,9.4141260377626,8.617367706345656,7.70087586104803,6.665833265996862,5.51355703108738,4.245490608004599,2.863195252575719,1.3683410638829638,0.0,0.0,0.0,0.0,0.0,0.0,0.0,0.0,0.0,0.0,0.0,0.0,0.0,0.0,0.0,0.0,0.0,0.0,0.0,0.0,0.0,0.0,0.0,0.0,0.0,0.0,0.0,0.0,0.0,0.0,0.0,0.0,0.0
0.0,0.0,0.0,0.0,0.0,0.0,0.0,0.0,0.0,0.0,0.0,0.0,0.0,0.0,0.0,0.0,0.0,0.0,0.0,0.0,0.0,0.0,0.0,0.0,0.0,0.0,0.0,0.0,0.0,0.0,0.0,0.0,0.0,0.0,1.7263866418377694,3.583545716747842,5.3320526654022355,6.969857569438447,8.494993278257695,9.905585856338092,11.199864951604185,12.376173967467748,13.432979915943333,14.368882826320435,15.18262458352553,15.873097072743441,16.439349512217913,16.88059486444154,17.196215227095422,17.385766118914933,17.448979591836718,17.385766118914933,17.196215227095422,16.88059486444154,16.439349512217913,15.873097072743441,15.18262458352553,14.368882826320435,13.432979915943333,12.376173967467748,11.199864951604185,9.905585856338092,8.494993278257695,6.969857569438447,5.3320526654022355,3.583545716747842,1.7263866418377694,0.0,0.0,0.0,0.0,0.0,0.0,0.0,0.0,0.0,0.0,0.0,0.0,0.0,0.0,0.0,0.0,0.0,0.0,0.0,0.0,0.0,0.0,0.0,0.0,0.0,0.0,0.0,0.0,0.0,0.0
0.0,0.0,0.0,0.0,0.0,0.0,0.0,0.0,0.0,0.0,0.0,0.0,0.0,0.0,0.0,0.0,0.0,0.0,0.0,0.0,0.0,0.0,0.0,0.0,0.0,0.0,0.0,0.0,0.0,0.0,0.0,0.8916488637839347,3.1031075448978984,5.211115169010382,7.213316584981836,9.107408220003654,10.891148949777056,12.56237125227306,14.118992544850597,15.559026592519665,16.88059486444154,18.081937706826686,19.1614251936706,20.117567512679596,20.949024742644273,21.65461588069755,22.233326983525913,22.684318295738052,23.006930251164547,23.200688248639512,23.265306122448962,23.200688248639512,23.006930251164547,22.684318295738052,22.233326983525913,21.65461588069755,20.949024742644273,20.117567512679596,19.1614251936706,18.081937706826686,16.88059486444154,15.559026592519665,14.118992544850597,12.56237125227306,10.891148949777056,9.107408220003654,7.213316584981836,5.211115169010382,3.1031075448978984,0.8916488637839347,0.0,0.0,0.0,0.0,0.0,0.0,0.0,0.0,0.0,0.0,0.0,0.0,0.0,0.0,0.0,0.0,0.0,0.0,0.0,0.0,0.0,0.0,0.0,0.0,0.0,0.0,0.0
0.0,0.0,0.0,0.0,0.0,0.0,0.0,0.0,0.0,0.0,0.0,0.0,0.0,0.0,0.0,0.0,0.0,0.0,0.0,0.0,0.0,0.0,0.0,0.0,0.0,0.0,0.0,0.0,0.0,1.4279839325764943,3.8842365326977197,6.240756293738648,8.494993278257695,10.644426261619161,12.686573505706681,14.619004060139128,16.439349512217913,18.145316091263542,19.73469701775157,21.205384973237425,22.555384554010928,23.782824560310157,24.885969964310178,25.863233394511962,26.71318597205153,27.43456733620039,28.02629470217393,28.48747080440882,28.81739059263701,29.01554656613733,29.08163265306122,29.01554656613733,28.81739059263701,28.48747080440882,28.02629470217393,27.43456733620039,26.71318597205153,25.863233394511962,24.885969964310178,23.782824560310157,22.555384554010928,21.205384973237425,19.73469701775157,18.145316091263542,16.439349512217913,14.619004060139128,12.686573505706681,10.644426261619161,8.494993278257695,6.240756293738648,3.8842365326977197,1.4279839325764943,0.0,0.0,0.0,0.0,0.0,0.0,0.0,0.0,0.0,0.0,0.0,0.0,0.0,0.0,0.0,0.0,0.0,0.0,0.0,0.0,0.0,0.0,0.0,0.0,0.0
0.0,0.0,0.0,0.0,0.0,0.0,0.0,0.0,0.0,0.0,0.0,0.0,0.0,0.0,0.0,0.0,0.0,0.0,0.0,0.0,0.0,0.0,0.0,0.0,0.0,0.0,0.0,1.3683410638829638,4.0648055033472135,6.665833265996862,9.168724498520657,11.570784248179569,13.869332577151077,16.061715413582533,18.145316091263542,20.117567512679596,21.975964852279287,23.718078698505405,25.34156851503396,26.844196284324013,28.22384018067048,29.478508106150752,30.60635091186629,31.60567511935879,32.47495495361888,33.21284350019149,33.81818280484011,34.29001274522825,34.627578520048885,34.830336621719496,34.897959183673485,34.830336621719496,34.627578520048885,34.29001274522825,33.81818280484011,33.21284350019149,32.47495495361888,31.60567511935879,30.60635091186629,29.478508106150752,28.22384018067048,26.844196284324013,25.34156851503396,23.718078698505405,21.975964852279287,20.117567512679596,18.145316091263542,16.061715413582533,13.869332577151077,11.570784248179569,9.168724498520657,6.665833265996862,4.0648055033472135,1.3683410638829638,0.0,0.0,0.0,0.0,0.0,0.0,0.0,0.0,0.0,0.0,0.0,0.0,0.0,0.0,0.0,0.0,0.0,0.0,0.0,0.0,0.0,0.0,0.0
0.0,0.0,0.0,0.0,0.0,0.0,0.0,0.0,0.0,0.0,0.0,0.0,0.0,0.0,0.0,0.0,0.0,0.0,0.0,0.0,0.0,0.0,0.0,0.0,0.0,0.7130953626749413,3.643658171622068,6.483577980679954,9.230054410451926,11.880268462525708,14.431391457983084,16.88059486444154,19.225060999443194,21.461994581663713,23.5886350832814,25.602269817197513,27.50024767200342,29.279993386143946,30.93902223123088,32.47495495361888,33.88553280395808,35.16863246732077,36.32228069252632,37.3446684092868,38.234164116531346,38.98932632536197,39.60891484600976,40.0919007201314,40.43747461778929,40.645053542204025,40.71428571428573,40.645053542204025,40.43747461778929,40.0919007201314,39.60891484600976,38.98932632536197,38.234164116531346,37.3446684092868,36.32228069252632,35.16863246732077,33.88553280395808,32.47495495361888,30.93902223123088,29.279993386143946,27.50024767200342,25.602269817197513,23.5886350832814,21.461994581663713,19.225060999443194,16.88059486444154,14.431391457983084,11.880268462525708,9.230054410451926,6.483577980679954,3.643658171622068,0.7130953626749413,0.0,0.0,0.0,0.0,0.0,0.0,0.0,0.0,0.0,0.0,0.0,0.0,0.0,0.0,0.0,0.0,0.0,0.0,0.0,0.0,0.0
0.0,0.0,0.0,0.0,0.0,0.0,0.0,0.0,0.0,0.0,0.0,0.0,0.0,0.0,0.0,0.0,0.0,0.0,0.0,0.0,0.0,0.0,0.0,0.0,2.623486794087251,5.695179346143145,8.678575243868114,11.570784248179569,14.368882826320435,17.06992246611504,19.670938982223884,22.16896282505503,24.561030387230165,26.844196284324013,29.01554656613733,31.072212792294902,33.011386881884775,34.830336621719496,36.52642169229631,38.097110045491014,39.53999444438285,40.85280895439282,42.03344515720225,43.07996784574099,43.99062995086987,44.763886449058624,45.39840700599573,45.89308712400318,46.2470575814069,46.459691979313675,46.530612244897924,46.459691979313675,46.2470575814069,45.89308712400318,45.39840700599573,44.763886449058624,43.99062995086987,43.07996784574099,42.03344515720225,40.85280895439282,39.53999444438285,38.097110045491014,36.52642169229631,34.830336621719496,33.011386881884775,31.072212792294902,29.01554656613733,26.844196284324013,24.561030387230165,22.16896282505503,19.670938982223884,17.06992246611504,14.368882826320435,11.570784248179569,8.678575243868114,5.695179346143145,2.623486794087251,0.0,0.0,0.0,0.0,0.0,0.0,0.0,0.0,0.0,0.0,0.0,0.0,0.0,0.0,0.0,0.0,0.0,0.0,0.0,0.0
0.0,0.0,0.0,0.0,0.0,0.0,0.0,0.0,0.0,0.0,0.0,0.0,0.0,0.0,0.0,0.0,0.0,0.0,0.0,0.0,0.0,0.0,1.0107468992567248,4.305744822539455,7.517940740014642,10.644426261619161,13.682238362300291,16.628365829231992,19.479756734996077,22.233326983525913,24.885969964310178,27.43456733620039,29.8760009450419,32.20716585923639,34.42498448435368,36.52642169229631,38.50850087269914,40.368320784827304,42.10307305799945,43.71006015848618,45.18671361203403,46.530612244897924,47.73950018384593,48.81130433835179,49.74415107736102,50.536381809685025,51.18656718208539,51.693519622959194,52.05630398233776,52.27424605034172,52.34693877551018,52.27424605034172,52.05630398233776,51.693519622959194,51.18656718208539,50.536381809685025,49.74415107736102,48.81130433835179,47.73950018384593,46.530612244897924,45.18671361203403,43.71006015848618,42.10307305799945,40.368320784827304,38.50850087269914,36.52642169229631,34.42498448435368,32.20716585923639,29.8760009450419,27.43456733620039,24.885969964310178,22.233326983525913,19.479756734996077,16.628365829231992,13.682238362300291,10.644426261619161,7.517940740014642,4.305744822539455,1.0107468992567248,0.0,0.0,0.0,0.0,0.0,0.0,0.0,0.0,0.0,0.0,0.0,0.0,0.0,0.0,0.0,0.0,0.0,0.0
0.0,0.0,0.0,0.0,0.0,0.0,0.0,0.0,0.0,0.0,0.0,0.0,0.0,0.0,0.0,0.0,0.0,0.0,0.0,0.0,0.0,2.3241370723659283,5.7557463685735435,9.107408220003654,12.376173967467748,15.559026592519665,18.65288608744788,21.65461588069755,24.561030387230165,27.36890374490697,30.074979786482814,32.675983281922406,35.16863246732077,37.54965285461001,39.8157922905295,41.963837204236285,43.99062995086987,45.89308712400318,47.66821867410605,49.313147634035865,50.82513021749971,52.20157602391802,53.440068054800065,54.53838222427343,55.4945060314112,56.3066560558699,56.9732939422405,57.493140553132044,57.865187996592226,58.08870926969877,58.16326530612244,58.08870926969877,57.865187996592226,57.493140553132044,56.9732939422405,56.3066560558699,55.4945060314112,54.53838222427343,53.440068054800065,52.20157602391802,50.82513021749971,49.313147634035865,47.66821867410605,45.89308712400318,43.99062995086987,41.963837204236285,39.8157922905295,37.54965285461001,35.16863246732077,32.675983281922406,30.074979786482814,27.36890374490697,24.561030387230165,21.65461588069755,18.65288608744788,15.559026592519665,12.376173967467748,9.107408220003654,5.7557463685735435,2.3241370723659283,0.0,0.0,0.0,0.0,0.0,0.0,0.0,0.0,0.0,0.0,0.0,0.0,0.0,0.0,0.0,0.0,0.0
0.0,0.0,0.0,0.0,0.0,0.0,0.0,0.0,0.0,0.0,0.0,0.0,0.0,0.0,0.0,0.0,0.0,0.0,0.0,0.0,3.4032853453544143,6.969857569438447,10.459529751535122,13.869332577151077,17.196215227095422,20.437049515911383,23.5886350832814,26.647705729136685,29.61093697842682,32.47495495361888,35.23634662157519,37.89167146609467,40.43747461778929,42.87030144889328,45.18671361203403,47.38330646908503,49.456727819378465,51.403697796464805,53.22102976025254,54.90565196804258,56.45462976527667,57.865187996592226,59.134733302038136,60.26087593416029,61.241450711170074,62.07453671142909,62.758475316542956,63.291886225486245,63.67368109079482,63.90307446966367,63.97959183673472,63.90307446966367,63.67368109079482,63.291886225486245,62.758475316542956,62.07453671142909,61.241450711170074,60.26087593416029,59.134733302038136,57.865187996592226,56.45462976527667,54.90565196804258,53.22102976025254,51.403697796464805,49.456727819378465,47.38330646908503,45.18671361203403,42.87030144889328,40.43747461778929,37.89167146609467,35.23634662157519,32.47495495361888,29.61093697842682,26.647705729136685,23.5886350832814,20.437049515911383,17.196215227095422,13.869332577151077,10.459529751535122,6.969857569438447,3.4032853453544143,0.0,0.0,0.0,0.0,0.0,0.0,0.0,0.0,0.0,0.0,0.0,0.0,0.0,0.0,0.0,0.0
0.0,0.0,0.0,0.0,0.0,0.0,0.0,0.0,0.0,0.0,0.0,0.0,0.0,0.0,0.0,0.0,0.0,0.0,0.4751983297161228,4.245490608004599,7.94497725002877,11.570784248179569,15.11994195393865,18.589386953415985,21.975964852279287,25.276434077414667,28.48747080440882,31.60567511935879,34.627578520048885,37.54965285461001,40.368320784827304,43.07996784574099,45.68095615262528,48.16763978048308,50.536381809685025,52.78357299436809,54.90565196804258,56.899126854230225,58.76059809994427,60.486782297903936,62.07453671142909,63.52088416620265,64.82303792803692,65.97842614806616,66.98471542908065,67.83983305145206,68.54198739634319,69.08968611909732,69.48175165755359,69.71733370829806,69.79591836734697,69.71733370829806,69.48175165755359,69.08968611909732,68.54198739634319,67.83983305145206,66.98471542908065,65.97842614806616,64.82303792803692,63.52088416620265,62.07453671142909,60.486782297903936,58.76059809994427,56.899126854230225,54.90565196804258,52.78357299436809,50.536381809685025,48.16763978048308,45.68095615262528,43.07996784574099,40.368320784827304,37.54965285461001,34.627578520048885,31.60567511935879,28.48747080440882,25.276434077414667,21.975964852279287,18.589386953415985,15.11994195393865,11.570784248179569,7.94497725002877,4.245490608004599,0.4751983297161228,0.0,0.0,0.0,0.0,0.0,0.0,0.0,0.0,0.0,0.0,0.0,0.0,0.0,0.0
0.0,0.0,0.0,0.0,0.0,0.0,0.0,0.0,0.0,0.0,0.0,0.0,0.0,0.0,0.0,0.0,0.0,0.9511916394847265,4.8486159219751555,8.678575243868114,12.438225595910652,16.124617597716522,19.73469701775157,23.265306122448962,26.71318597205153,30.074979786482814,33.34723750843175,36.52642169229631,39.60891484600976,42.591028347355454,45.46901304642486,48.23907165067053,50.89737296787917,53.440068054800065,55.863308284743674,58.16326530612244,60.336152815878705,62.378250017701156,64.28592657600288,66.05566881449666,67.68410684502938,69.16804225083061,70.50447589155321,71.69063534880446,72.7240014936744,73.6023336353028,74.32369270455807,74.88646194148137,75.28936459035984,75.53147816203283,75.61224489795916,75.53147816203283,75.28936459035984,74.88646194148137,74.32369270455807,73.6023336353028,72.7240014936744,71.69063534880446,70.50447589155321,69.16804225083061,67.68410684502938,66.05566881449666,64.28592657600288,62.378250017701156,60.336152815878705,58.16326530612244,55.863308284743674,53.440068054800065,50.89737296787917,48.23907165067053,45.46901304642486,42.591028347355454,39.60891484600976,36.52642169229631,33.34723750843175,30.074979786482814,26.71318597205153,23.265306122448962,19.73469701775157,16.124617597716522,12.438225595910652,8.678575243868114,4.8486159219751555,0.9511916394847265,0.0,0.0,0.0,0.0,0.0,0.0,0.0,0.0,0.0,0.0,0.0,0.0,0.0
0.0,0.0,0.0,0.0,0.0,0.0,0.0,0.0,0.0,0.0,0.0,0.0,0.0,0.0,0.0,0.0,1.189487661598545,5.211115169010382,9.168724498520657,13.059520624091938,16.88059486444154,20.628924036848897,24.301370333091153,27.89468204038376,31.40549523964828,34.830336621719496,38.16562756865146,41.40768965138784,44.552751695942874,47.59695856701277,50.536381809685025,53.36703227567895,56.084874839428096,58.685845280491456,61.16586937164294,63.52088416620265,65.74686142380952,67.83983305145206,69.79591836734697,71.61135292099674,73.28251852602571,74.80597408637121,76.17848672491313,77.39706266086517,78.45897723261469,79.36180343044278,80.10343829243132,80.68212652974141,81.09648078599751,81.34549799986507,81.42857142857144,81.34549799986507,81.09648078599751,80.68212652974141,80.10343829243132,79.36180343044278,78.45897723261469,77.39706266086517,76.17848672491313,74.80597408637121,73.28251852602571,71.61135292099674,69.79591836734697,67.83983305145206,65.74686142380952,63.52088416620265,61.16586937164294,58.685845280491456,56.084874839428096,53.36703227567895,50.536381809685025,47.59695856701277,44.552751695942874,41.40768965138784,38.16562756865146,34.830336621719496,31.40549523964828,27.89468204038376,24.301370333091153,20.628924036848897,16.88059486444154,13.059520624091938,9.168724498520657,5.211115169010382,1.189487661598545,0.0,0.0,0.0,0.0,0.0,0.0,0.0,0.0,0.0,0.0,0.0,0.0
0.0,0.0,0.0,0.0,0.0,0.0,0.0,0.0,0.0,0.0,0.0,0.0,0.0,0.0,0.0,1.189487661598545,5.3320526654022355,9.4141260377626,13.432979915943333,17.385766118914933,21.269513967749308,25.081128698827158,28.81739059263701,32.47495495361888,36.05035308880335,39.53999444438285,42.94017006917665,46.2470575814069,49.456727819378465,52.56515335648552,55.56821905530345,58.461734823147886,61.241450711170074,63.90307446966367,66.4422916328187,68.85478815601297,71.13627556766055,73.28251852602571,75.28936459035984,77.15277592719977,78.86886257956063,80.43391683287113,81.84444812149799,83.09721783888622,84.18927334836167,85.117980446111,85.8810535078469,86.4765825602178,86.90305655963165,87.15938223538524,87.24489795918369,87.15938223538524,86.90305655963165,86.4765825602178,85.8810535078469,85.117980446111,84.18927334836167,83.09721783888622,81.84444812149799,80.43391683287113,78.86886257956063,77.15277592719977,75.28936459035984,73.28251852602571,71.13627556766055,68.85478815601297,66.4422916328187,63.90307446966367,61.241450711170074,58.461734823147886,55.56821905530345,54.12273497131931,51.791415818489014,49.384163140010344,42.94017006917665,39.53999444438285,36.05035308880335,32.47495495361888,28.81739059263701,25.081128698827158,21.269513967749308,17.385766118914933,13.432979915943333,9.4141260377626,5.3320526654022355,1.189487661598545,0.0,0.0,0.0,0.0,0.0,0.0,0.0,0.0,0.0,0.0,0.0
0.0,0.0,0.0,0.0,0.0,0.0,0.0,0.0,0.0,0.0,0.0,0.0,0.0,0.0,0.9511916394847265,5.211115169010382,9.4141260377626,13.557580528184532,17.63870968571892,21.65461588069755,25.602269817197513,29.478508106150752,33.28003153514347,37.00340418292104,40.645053542204025,44.2012718294666,47.66821867410605,51.041925391067394,54.31830104939578,57.493140553132044,60.562134949028575,63.52088416620265,66.3649123744668,69.08968611909732,71.69063534880446,74.16317739952325,76.50274392871624,78.70481071322709,80.76493012928,82.67876602800263,84.44213060708164,86.05102276331365,87.5016672975653,88.79055423965694,89.91447747323262,90.87057177716686,91.65634736736816,92.26972102663045,92.70904295417493,92.97311855194022,93.0612244897959,92.97311855194022,92.70904295417493,92.26972102663045,91.65634736736816,90.87057177716686,89.91447747323262,88.79055423965694,87.5016672975653,86.05102276331365,84.44213060708164,82.67876602800263,80.76493012928,78.70481071322709,76.50274392871624,74.16317739952325,71.69063534880446,69.08968611909732,66.3649123744668,63.52088416620265,62.16759219637734,60.1804000623459,57.81701904407388,54.918702603444025,47.66821867410605,44.2012718294666,40.645053542204025,37.00340418292104,33.28003153514347,29.478508106150752,25.602269817197513,21.65461588069755,17.63870968571892,13.557580528184532,9.4141260377626,5.211115169010382,0.9511916394847265,0.0,0.0,0.0,0.0,0.0,0.0,0.0,0.0,0.0,0.0
0.0,0.0,0.0,0.0,0.0,0.0,0.0,0.0,0.0,0.0,0.0,0.0,0.0,0.4751983297161228,4.8486159219751555,9.168724498520657,13.432979915943333,17.63870968571892,21.783108390966778,25.863233394511962,29.8760009450419,33.81818280484011,37.68640354045918,41.47713863650523,45.18671361203403,48.81130433835179,52.34693877551018,55.78950036151678,59.134733302038136,62.378250017701156,65.51554100929539,68.54198739634319,71.45287636957312,74.24341977068856,76.90877597144812,79.4440751667101,81.84444812149799,84.10505831985283,85.31428416461365,85.10902114951006,85.31846816994269,85.9886581961927,87.14937088962726,88.80877140289105,90.95139450341382,93.54024681772596,96.52225225852463,98.06141943687196,98.51438492097151,98.78669309506506,98.87755102040815,98.78669309506506,98.51438492097151,98.06141943687196,97.42910544774803,96.61924893469511,95.63412775965647,94.47646057406645,93.14937088962726,91.65634736736816,90.00120142618535,88.1880232664792,86.22113735383705,84.10505831985283,81.84444812149799,79.4440751667101,76.90877597144812,74.24341977068856,71.45287636957312,68.77381830127753,64.73141743899879,62.45865053414411,59.87800672864739,57.29249008866873,52.34693877551018,48.81130433835179,45.18671361203403,41.47713863650523,37.68640354045918,33.81818280484011,29.8760009450419,25.863233394511962,21.783108390966778,17.63870968571892,13.432979915943333,9.168724498520657,4.8486159219751555,0.4751983297161228,0.0,0.0,0.0,0.0,0.0,0.0,0.0,0.0,0.0
0.0,0.0,0.0,0.0,0.0,0.0,0.0,0.0,0.0,0.0,0.0,0.0,0.0,4.245490608004599,8.678575243868114,13.059520624091938,17.385766118914933,21.65461588069755,25.863233394511962,30.008636253749106,34.087691269997855,38.097110045491014,42.03344515720225,45.89308712400318,49.67226235179535,53.36703227567895,56.9732939422405,60.486782297903936,63.90307446966367,67.21759634073547,70.4256317337321,73.52233451555568,76.50274392871624,79.36180343044278,82.09438328097806,84.69530706322735,87.15938223538524,86.08532150736374,85.32197882736314,84.94312459563665,85.02209279936434,85.62238193480532,86.78669309506506,88.5277976779485,90.82497280960042,93.62766478167423,96.86471765162692,100.4554264583286,104.31902034295574,104.60009022480881,104.69387755102036,104.60009022480881,104.31902034295574,103.851539665989,103.19908619163193,102.36364230976898,101.34770530218857,100.15425118815715,98.78669309506506,97.248835445014,95.54482529195248,93.67910212373143,91.65634736736816,89.48143471502414,87.15938223538524,84.69530706322735,82.09438328097806,79.36180343044278,78.6117141707511,72.40962963977248,65.91755626351184,62.25487206519974,61.85459761040391,59.6411310568623,56.9732939422405,53.36703227567895,49.67226235179535,45.89308712400318,42.03344515720225,38.097110045491014,34.087691269997855,30.008636253749106,25.863233394511962,21.65461588069755,17.385766118914933,13.059520624091938,8.678575243868114,4.245490608004599,0.0,0.0,0.0,0.0,0.0,0.0,0.0,0.0,0.0
0.0,0.0,0.0,0.0,0.0,0.0,0.0,0.0,0.0,0.0,0.0,0.0,3.4032853453544143,7.94497725002877,12.438225595910652,16.88059486444154,21.269513967749308,25.602269817197513,29.8760009450419,34.087691269997855,38.234164116531346,42.312076619096146,46.31791466633839,50.247988566366935,54.09842964226229,57.865187996592226,61.544031714078166,65.1305478016652,68.62014519365681,72.00806017444252,75.28936459035984,78.45897723261469,81.51167877172523,84.44213060708164,87.24489795918369,89.31144709290264,87.76259626149802,86.44586685052245,85.44228485305659,84.84502994248635,84.75226481568556,85.2537116646924,86.41266169656706,88.2495614339043,90.73528447356757,93.79797321324547,97.33956298488754,101.25387698881984,105.44014560758266,109.81026183828078,110.51020408163264,110.41329221861076,110.1228788638253,195.09131229176285,108.9660164950962,108.103334578062,107.05462513788446,105.82315456271147,104.41266169656706,102.82730479349954,101.07160548000245,99.15039130730287,97.06873836326527,94.83191524826664,92.44532951774069,89.91447747323262,87.24489795918369,85.20086877937581,81.42830041613077,76.9020596956326,70.95145123164377,68.15234628293655,67.8242604191663,65.1305478016652,61.544031714078166,57.865187996592226,54.09842964226229,50.247988566366935,46.31791466633839,42.312076619096146,38.234164116531346,34.087691269997855,29.8760009450419,25.602269817197513,21.269513967749308,16.88059486444154,12.438225595910652,7.94497725002877,3.4032853453544143,0.0,0.0,0.0,0.0,0.0,0.0,0.0,0.0
0.0,0.0,0.0,0.0,0.0,0.0,0.0,0.0,0.0,0.0,0.0,2.3241370723659283,6.969857569438447,11.570784248179569,16.124617597716522,20.628924036848897,25.081128698827158,29.478508106150752,33.81818280484011,38.097110045491014,42.312076619096146,46.459691979313675,50.536381809685025,54.53838222427343,58.461734823147886,62.302282859720606,66.05566881449666,69.71733370829806,73.28251852602571,76.74626815751326,80.10343829243132,83.34870572826458,86.4765825602178,89.48143471502414,92.3575052620991,90.41620962397633,88.61152401645934,87.01574924359709,85.72289589555014,84.84931381980505,84.52730864444011,84.88700218397878,86.02618152652946,87.97887482667723,90.70155742961884,94.08707639804864,97.99620171508757,102.28789703187762,106.83756872223303,111.543545656579,195.09131229176285,195.09131229176285,195.09131229176285,195.09131229176285,195.09131229176285,195.09131229176285,195.09131229176285,111.48229964488792,110.02618152652947,108.39042700218947,106.57997672241954,104.60009022480881,102.4562805899822,100.15425118815715,97.69983577102796,95.82981483339523,92.96839698758576,87.36485604708724,82.29349428314003,79.03452676977122,78.13209474822452,76.46145866606545,73.28251852602571,69.71733370829806,66.05566881449666,62.302282859720606,58.461734823147886,54.53838222427343,50.536381809685025,46.459691979313675,42.312076619096146,38.097110045491014,33.81818280484011,29.478508106150752,25.081128698827158,20.628924036848897,16.124617597716522,11.570784248179569,6.969857569438447,2.3241370723659283,0.0,0.0,0.0,0.0,0.0,0.0,0.0
0.0,0.0,0.0,0.0,0.0,0.0,0.0,0.0,0.0,0.0,1.0107468992567248,5.7557463685735435,10.459529751535122,15.11994195393865,19.73469701775157,24.301370333091153,28.81739059263701,33.28003153514347,37.68640354045918,42.03344515720225,46.31791466633839,50.536381809685025,54.685219842095925,58.76059809994427,62.758475316542956,66.6745939571353,70.50447589155321,74.24341977068856,77.8865005221231,81.42857142857144,84.86426929737561,88.1880232664792,91.39406781748681,94.47646057406645,94.03299224008764,91.85973324851913,89.78167703045712,87.87234660492992,86.23545275755919,85.01189289560128,84.37916872093868,84.53082184041264,85.62601482082057,87.72481660998055,90.75674382102095,94.55237029974732,98.90818816895133,103.63716464696081,108.58943186886093,186.70526389401866,191.69519908410248,195.09131229176285,195.09131229176285,195.09131229176285,195.09131229176285,195.09131229176285,195.09131229176285,195.09131229176285,115.62601482082057,113.93670475885591,112.06817987813167,110.02618152652947,107.8167073329621,105.44593973373708,104.4976669671441,101.58721162259864,95.28926859563335,88.44794781980902,87.72986814744642,84.88494824835487,83.95092205228735,81.42857142857144,77.8865005221231,74.24341977068856,70.50447589155321,66.6745939571353,62.758475316542956,58.76059809994427,54.685219842095925,50.536381809685025,46.31791466633839,42.03344515720225,37.68640354045918,33.28003153514347,28.81739059263701,24.301370333091153,19.73469701775157,15.11994195393865,10.459529751535122,5.7557463685735435,1.0107468992567248,0.0,0.0,0.0,0.0,0.0,0.0
0.0,0.0,0.0,0.0,0.0,0.0,0.0,0.0,0.0,0.0,4.305744822539455,9.107408220003654,13.869332577151077,18.589386953415985,23.265306122448962,27.89468204038376,32.47495495361888,37.00340418292104,41.47713863650523,45.89308712400318,50.247988566366935,54.53838222427343,58.76059809994427,62.910747704878226,66.98471542908065,70.9781507960156,74.88646194148137,78.70481071322709,82.42810985014779,86.05102276331365,89.56796650296896,92.97311855194022,96.26042813132385,98.516779543022,96.12191204997718,93.72530627460996,91.36994988362987,89.12293488684469,87.08860671051207,85.42639897643767,84.36704781436192,84.20307868570814,85.21075777576796,87.50586562800443,90.96117264866234,95.2891382833631,100.18630679379055,105.41151495301558,178.35792759733076,183.4648587815542,188.75694375175783,194.18445910253936,195.09131229176285,195.09131229176285,195.09131229176285,195.09131229176285,195.09131229176285,195.09131229176285,195.09131229176285,119.46444493200214,117.53423208436443,115.42639897643767,113.1474812135578,111.73663736389206,109.44274655936603,104.04404661431742,99.07579984999761,95.6583213905626,94.78000498987372,92.83448405586104,89.56796650296896,86.05102276331365,82.42810985014779,78.70481071322709,74.88646194148137,70.9781507960156,66.98471542908065,62.910747704878226,58.76059809994427,54.53838222427343,50.247988566366935,45.89308712400318,41.47713863650523,37.00340418292104,32.47495495361888,27.89468204038376,23.265306122448962,18.589386953415985,13.869332577151077,9.107408220003654,4.305744822539455,0.0,0.0,0.0,0.0,0.0,0.0
0.0,0.0,0.0,0.0,0.0,0.0,0.0,0.0,0.0,2.623486794087251,7.517940740014642,12.376173967467748,17.196215227095422,21.975964852279287,26.71318597205153,31.40549523964828,36.05035308880335,40.645053542204025,45.18671361203403,49.67226235179535,54.09842964226229,58.461734823147886,62.758475316542956,66.98471542908065,71.13627556766055,75.20872215884252,79.19735862481926,83.09721783888622,86.90305655963165,90.60935242389819,94.21030416105442,97.69983577102796,101.07160548000245,101.24001822598659,98.69927986353711,96.10793085379423,93.49515942493423,90.91159184587347,88.44575497821386,86.2540338841225,84.6091991222749,83.9453924803443,84.77881244940393,87.36428126373134,91.43435833539597,96.46042967214383,101.99633735427415,170.0770236608347,175.34053588675908,180.78595092694627,186.35533476366808,192.0123101747937,195.09131229176285,195.09131229176285,195.09131229176285,195.09131229176285,195.09131229176285,195.09131229176285,195.09131229176285,195.09131229176285,122.97589146949092,120.79818976140679,120.36801022116924,115.74860589423122,110.60699420219858,104.76237830939947,104.33703846527551,100.99754063675705,100.30931178323283,97.69983577102796,94.21030416105442,90.60935242389819,86.90305655963165,83.09721783888622,79.19735862481926,75.20872215884252,71.13627556766055,66.98471542908065,62.758475316542956,58.461734823147886,54.09842964226229,49.67226235179535,45.18671361203403,40.645053542204025,36.05035308880335,31.40549523964828,26.71318597205153,21.975964852279287,17.196215227095422,12.376173967467748,7.517940740014642,2.623486794087251,0.0,0.0,0.0,0.0,0.0
0.0,0.0,0.0,0.0,0.0,0.0,0.0,0.0,0.7130953626749413,5.695179346143145,10.644426261619161,15.559026592519665,20.437049515911383,25.276434077414667,30.074979786482814,34.830336621719496,39.53999444438285,44.2012718294666,48.81130433835179,53.36703227567895,57.865187996592226,62.302282859720606,66.6745939571353,70.9781507960156,75.20872215884252,79.36180343044278,83.43260475177199,87.41604044216471,91.30672022351786,95.09894288021898,98.78669309506506,102.36364230976898,105.82315456271147,104.47556509143779,101.8391331114155,99.10705831212077,96.29156037753461,93.41850724984653,90.54114153405119,87.77197782143361,85.3611780511984,83.87277019797295,84.32835292669768,87.41578864304181,92.43327141492624,98.34549526768762,104.57518973677031,167.40230113456988,173.0386442137834,178.77197162744605,184.56857979917473,190.40857903552015,195.09131229176285,195.09131229176285,195.09131229176285,195.09131229176285,195.09131229176285,195.09131229176285,195.09131229176285,195.09131229176285,128.3906153027211,127.14695944560829,125.87253407924133,120.7071262748575,115.699005180739,112.41932275823221,111.41402713996972,109.15829834768046,105.82315456271147,102.36364230976898,98.78669309506506,95.09894288021898,91.30672022351786,87.41604044216471,83.43260475177199,79.36180343044278,75.20872215884252,70.9781507960156,66.6745939571353,62.302282859720606,57.865187996592226,53.36703227567895,48.81130433835179,44.2012718294666,39.53999444438285,34.830336621719496,30.074979786482814,25.276434077414667,20.437049515911383,15.559026592519665,10.644426261619161,5.695179346143145,0.7130953626749413,0.0,0.0,0.0,0.0
0.0,0.0,0.0,0.0,0.0,0.0,0.0,0.0,3.643658171622068,8.678575243868114,13.682238362300291,18.65288608744788,23.5886350832814,28.48747080440882,33.34723750843175,38.16562756865146,42.94017006917665,47.66821867410605,52.34693877551018,56.9732939422405,61.544031714078166,66.05566881449666,70.50447589155321,74.88646194148137,79.19735862481926,83.43260475177199,87.58733129322513,91.65634736736816,95.63412775965647,99.51480265534435,103.29215039727377,106.95959422330687,110.51020408163264,108.26901558768047,105.6050381620792,102.81306262816439,99.89059408002633,96.83929837839302,93.6702157322921,90.4182393080893,87.19191806908039,84.40113438961639,83.85728438400194,88.07711810893254,94.52843603221918,101.38466834642217,108.22130141615561,165.6854293733196,171.5878874735522,177.51771916295561,183.4648587815542,189.4236231205873,195.09131229176285,195.09131229176285,195.09131229176285,195.09131229176285,195.09131229176285,195.09131229176285,195.09131229176285,195.09131229176285,136.3460508251767,132.15108807499377,127.3393794371213,121.53948746780446,118.70591086015209,117.62311227218704,116.63211402142224,113.93670475885591,110.51020408163264,106.95959422330687,103.29215039727377,99.51480265534435,95.63412775965647,91.65634736736816,87.58733129322513,83.43260475177199,79.19735862481926,74.88646194148137,70.50447589155321,66.05566881449666,61.544031714078166,56.9732939422405,52.34693877551018,47.66821867410605,42.94017006917665,38.16562756865146,33.34723750843175,28.48747080440882,23.5886350832814,18.65288608744788,13.682238362300291,8.678575243868114,3.643658171622068,0.0,0.0,0.0,0.0
0.0,0.0,0.0,0.0,0.0,0.0,0.0,1.3683410638829638,6.483577980679954,11.570784248179569,16.628365829231992,21.65461588069755,26.647705729136685,31.60567511935879,36.52642169229631,41.40768965138784,46.2470575814069,51.041925391067394,55.78950036151678,60.486782297903936,65.1305478016652,69.71733370829806,74.24341977068856,78.70481071322709,83.09721783888622,87.41604044216471,91.65634736736816,95.81285915600739,99.879931350642,103.851539665989,107.72126790095797,111.48229964488792,115.12741502222788,112.64899391300408,110.03902726756155,107.28913828336313,104.39061530272109,101.33445829050902,98.1114406222138,94.71218761490366,91.12727272916042,87.34733163101585,83.36319332091887,91.16602633270107,98.74749663912887,106.09993247580208,159.09131229176285,165.09131229176285,171.09131229176285,177.09131229176285,183.09131229176285,189.09131229176285,195.09131229176285,195.09131229176285,195.09131229176285,195.09131229176285,195.09131229176285,195.09131229176285,195.09131229176285,195.09131229176285,138.608660976693,133.09628268429014,129.48455682401823,129.50520350346193,127.21614831107372,125.28913828336313,122.03902726756155,118.6489939130041,115.12741502222788,111.48229964488792,107.72126790095797,103.851539665989,99.879931350642,95.81285915600739,91.65634736736816,87.41604044216471,83.09721783888622,78.70481071322709,74.24341977068856,69.71733370829806,65.1305478016652,60.486782297903936,55.78950036151678,51.041925391067394,46.2470575814069,41.40768965138784,36.52642169229631,31.60567511935879,26.647705729136685,21.65461588069755,16.628365829231992,11.570784248179569,6.483577980679954,1.3683410638829638,0.0,0.0,0.0
0.0,0.0,0.0,0.0,0.0,0.0,0.0,4.0648055033472135,9.230054410451926,14.368882826320435,19.479756734996077,24.561030387230165,29.61093697842682,34.627578520048885,39.60891484600976,44.552751695942874,49.456727819378465,54.31830104939578,59.134733302038136,63.90307446966367,68.62014519365681,73.28251852602571,77.8865005221231,82.42810985014779,86.90305655963165,91.30672022351786,95.63412775965647,99.879931350642,104.03838701878972,108.103334578062,112.06817987813167,115.92588047680165,119.6689361219473,117.6216965137027,115.15235893919525,112.55476677434025,109.82533555054404,106.96449599312888,103.98190867001718,100.91094944138085,97.85852613134757,95.23277801336745,95.12192720285759,101.48493740375993,109.55270011769797,117.44006949652301,124.68161873586097,165.6854293733196,171.5878874735522,177.51771916295561,183.4648587815542,189.4236231205873,195.09131229176285,195.09131229176285,195.09131229176285,195.09131229176285,195.09131229176285,195.09131229176285,195.09131229176285,195.09131229176285,143.7869609601836,138.16960823773724,135.39717444132512,134.22770584276327,133.3287603687547,130.12835990314738,126.77881244940393,123.2893856848782,119.6689361219473,115.92588047680165,112.06817987813167,108.103334578062,104.03838701878972,99.879931350642,95.63412775965647,91.30672022351786,86.90305655963165,82.42810985014779,77.8865005221231,73.28251852602571,68.62014519365681,63.90307446966367,59.134733302038136,54.31830104939578,49.456727819378465,44.552751695942874,39.60891484600976,34.627578520048885,29.61093697842682,24.561030387230165,19.479756734996077,14.368882826320435,9.230054410451926,4.0648055033472135,0.0,0.0,0.0
0.0,0.0,0.0,0.0,0.0,0.0,1.4279839325764943,6.665833265996862,11.880268462525708,17.06992246611504,22.233326983525913,27.36890374490697,32.47495495361888,37.54965285461001,42.591028347355454,47.59695856701277,52.56515335648552,57.493140553132044,62.378250017701156,67.21759634073547,72.00806017444252,76.74626815751326,81.42857142857144,86.05102276331365,90.60935242389819,95.09894288021898,99.51480265534435,103.851539665989,108.103334578062,112.26391488157196,116.32653061224488,120.28393291125326,124.12835691866484,123.16877757884738,120.921840854491,118.57886130871488,116.14988713527244,113.65832047382297,111.15464481580845,108.74833485800995,106.68625847746868,107.5173120295073,110.98302880014792,116.58766617168085,123.53952441769019,130.7207349954356,137.4939560762608,167.40230113456988,173.0386442137834,178.77197162744605,184.56857979917473,190.40857903552015,195.09131229176285,195.09131229176285,195.09131229176285,195.09131229176285,195.09131229176285,195.09131229176285,195.09131229176285,195.09131229176285,146.23951523417946,145.31964310412746,143.58753039056938,141.34733163101583,138.20255521325188,134.89820197303172,131.44457334707906,127.85151083509005,124.12835691866484,120.28393291125326,116.32653061224488,112.26391488157196,108.103334578062,103.851539665989,99.51480265534435,95.09894288021898,90.60935242389819,86.05102276331365,81.42857142857144,76.74626815751326,72.00806017444252,67.21759634073547,62.378250017701156,57.493140553132044,52.56515335648552,47.59695856701277,42.591028347355454,37.54965285461001,32.47495495361888,27.36890374490697,22.233326983525913,17.06992246611504,11.880268462525708,6.665833265996862,1.4279839325764943,0.0,0.0
0.0,0.0,0.0,0.0,0.0,0.0,3.8842365326977197,9.168724498520657,14.431391457983084,19.670938982223884,24.885969964310178,30.074979786482814,35.23634662157519,40.368320784827304,45.46901304642486,50.536381809685025,55.56821905530345,60.562134949028575,65.51554100929539,70.4256317337321,75.28936459035984,80.10343829243132,84.86426929737561,89.56796650296896,94.21030416105442,99.46137507167629,103.29215039727377,107.72126790095797,112.06817987813167,116.32653061224488,120.48944274435426,124.5494875968118,128.49865904424465,129.24935080972853,127.29337694795726,125.28647536987738,123.25459704462453,121.24468173907913,119.34111918115013,117.69572249021373,119.14988576374617,122.360418053998,126.65697948753693,132.186896734863,138.56206758009992,145.13538827724162,151.369750091923,170.0770236608347,175.34053588675908,180.78595092694627,186.35533476366808,192.0123101747937,195.09131229176285,195.09131229176285,195.09131229176285,195.09131229176285,195.09131229176285,195.09131229176285,195.09131229176285,195.09131229176285,152.06974477846936,150.34848009406318,149.34111918115013,146.25897037000732,143.00537344962828,139.59183673469394,136.0293544760521,132.32835292669768,128.49865904424465,124.5494875968118,120.48944274435426,116.32653061224488,112.06817987813167,107.72126790095797,103.29215039727377,98.78669309506506,94.21030416105442,89.56796650296896,84.86426929737561,80.10343829243132,75.28936459035984,70.4256317337321,65.51554100929539,60.562134949028575,55.56821905530345,50.536381809685025,45.46901304642486,40.368320784827304,35.23634662157519,30.074979786482814,24.885969964310178,19.670938982223884,14.431391457983084,9.168724498520657,3.8842365326977197,0.0,0.0
