0.0,0.0,0.0,-3.004929518312064,-3.004929518312064,-3.004929518312064,-3.004929518312064,-3.004929518312064,-3.004929518312064,-3.004929518312064,-3.004929518312064,-3.004929518312064,-3.004929518312064,-3.004929518312064,-3.004929518312064,-0.3431767009004799,2.3044067938282717,4.896047704446804,7.430070340193097,9.90477094370858,12.318420207254725,14.669266145531664,16.955537341076777,19.175446575780036,21.327194859007548,23.408975859149635,25.418980741076698,27.35540340699051,29.21644613251715,31.000325583627554,32.705279193161246,34.32957186845028,35.87150299391343,37.32941368466154,38.70169423930228,39.98679173245451,41.18321768021044,42.289555705154385,43.30446912181413,44.226708358828795,45.0551181309115,45.788644272066215,46.426340141675766,46.96737251713292,47.411026890715235,47.756712094413004,48.003964184339615,48.15244952605668,48.20196703341209,48.15244952605668,48.003964184339615,47.756712094413004,47.411026890715235,46.96737251713292,46.426340141675766,45.788644272066215,45.0551181309115,44.226708358828795,43.30446912181413,42.289555705154385,41.18321768021044,39.98679173245451,38.70169423930228,37.32941368466154,35.87150299391343,34.32957186845028,32.705279193161246,31.000325583627554,29.21644613251715,27.35540340699051,25.418980741076698,23.408975859149635,21.327194859007548,19.175446575780036,16.955537341076777,14.669266145531664,12.318420207254725,9.90477094370858,7.430070340193097,4.896047704446804,2.3044067938282717,-0.3431767009004799,-3.004929518312064,-3.004929518312064,-3.004929518312064,-3.004929518312064,-3.004929518312064,-3.004929518312064,-3.004929518312064,-3.004929518312064,-3.004929518312064,-3.004929518312064,0.0,0.0,0.0,0.0,0.0
0.0,0.0,-3.004929518312064,-3.004929518312064,-3.004929518312064,-3.004929518312064,-3.004929518312064,-3.004929518312064,-3.004929518312064,-3.004929518312064,-3.004929518312064,-3.004929518312064,-3.004929518312064,-2.08033810362069,0.7126977616690148,3.453100773142883,6.139212133211181,8.769337581216279,11.341749185728276,13.854687477061631,16.306363942667925,18.694963906823233,21.01864981422691,23.275564934703503,25.46383750309012,27.58158530455528,29.626920710989317,31.597956168719392,33.4928101316326,35.309613426866434,37.04651603260609,38.70169423930228,40.2733581569156,41.75975952177102,43.15919974746359,44.470038155231215,45.690700310565674,46.819686384855096,47.85557945384302,48.797053638953386,49.64288199335947,50.391944032336404,51.043232807159335,51.5958614237566,52.04906891161189,52.40222535504315,52.65483620791131,52.806545723868474,52.85713944720518,52.806545723868474,52.65483620791131,52.40222535504315,52.04906891161189,51.5958614237566,51.043232807159335,50.391944032336404,49.64288199335947,48.797053638953386,47.85557945384302,46.819686384855096,45.690700310565674,44.470038155231215,43.15919974746359,41.75975952177102,40.2733581569156,38.70169423930228,37.04651603260609,35.309613426866434,33.4928101316326,31.597956168719392,29.626920710989317,27.58158530455528,25.46383750309012,23.275564934703503,21.01864981422691,18.694963906823233,16.306363942667925,13.854687477061631,11.341749185728276,8.769337581216279,6.139212133211181,3.453100773142883,0.7126977616690148,-2.08033810362069,-3.004929518312064,-3.004929518312064,-3.004929518312064,-3.004929518312064,-3.004929518312064,-3.004929518312064,-3.004929518312064,-3.004929518312064,-3.004929518312064,0.0,0.0,0.0,0.0
0.0,-3.004929518312064,-3.004929518312064,-3.004929518312064,-3.004929518312064,-3.004929518312064,-3.004929518312064,-3.004929518312064,-3.004929518312064,-3.004929518312064,-3.004929518312064,-3.004929518312064,-1.2737553279986613,1.6094111913713538,4.441695578586908,7.221433540860329,9.946920349605092,12.616412211008807,15.228127970840406,17.78025118047919,20.270932550653438,22.69829281834171,25.060426050633026,27.35540340699051,29.581277378239662,31.736086516640682,33.81786066655606,35.824626699447485,37.754414750226864,39.6052649443535,41.37523459656993,43.062405852892276,44.664893737544524,46.18085455613733,47.608494595756326,48.946079052018966,50.191941102884144,51.344491039403344,52.40222535504315,53.36373568805921,54.22771750602318,54.9929784183335,55.65844600166274,56.22317502504115,56.686353965780356,57.04731071475597,57.305517379625456,57.460594107187035,57.51231186099826,57.460594107187035,57.305517379625456,57.04731071475597,56.686353965780356,56.22317502504115,55.65844600166274,54.9929784183335,54.22771750602318,53.36373568805921,52.40222535504315,51.344491039403344,50.191941102884144,48.946079052018966,47.608494595756326,46.18085455613733,44.664893737544524,43.062405852892276,41.37523459656993,39.6052649443535,37.754414750226864,35.824626699447485,33.81786066655606,31.736086516640682,29.581277378239662,27.35540340699051,25.060426050633026,22.69829281834171,20.270932550653438,17.78025118047919,15.228127970840406,12.616412211008807,9.946920349605092,7.221433540860329,4.441695578586908,1.6094111913713538,-1.2737553279986613,-3.004929518312064,-3.004929518312064,-3.004929518312064,-3.004929518312064,-3.004929518312064,-3.004929518312064,-3.004929518312064,-3.004929518312064,-3.004929518312064,0.0,0.0,0.0
-3.004929518312064,-3.004929518312064,-3.004929518312064,-3.004929518312064,-3.004929518312064,-3.004929518312064,-3.004929518312064,-3.004929518312064,-3.004929518312064,-3.004929518312064,-3.004929518312064,-0.6267388277809157,2.3453457258940205,5.268377022718216,8.140693302128067,10.960587723067244,13.726309284545184,16.436064066830713,19.088016823931113,21.68029295831155,24.210980908623757,26.678134980454647,29.079778648669166,31.413908357715634,33.678497843187934,35.87150299391343,37.99086726877843,40.034527676363474,42.000421318202804,43.88649248811036,45.690700310565674,47.411026890715235,49.04548593725354,50.592131807498,52.04906891161189,53.41446140046695,54.68654304943463,55.86362723885255,56.94411692146797,57.9265144582701,58.80943119722477,59.59159666495434,60.2718672397183,60.84923417545266,61.32283085130445,61.69193912913673,61.95599471281849,62.11459141756193,62.167484274791384,62.11459141756193,61.95599471281849,61.69193912913673,61.32283085130445,60.84923417545266,60.2718672397183,59.59159666495434,58.80943119722477,57.9265144582701,56.94411692146797,55.86362723885255,54.68654304943463,53.41446140046695,52.04906891161189,50.592131807498,49.04548593725354,47.411026890715235,45.690700310565674,43.88649248811036,42.000421318202804,40.034527676363474,37.99086726877843,35.87150299391343,33.678497843187934,31.413908357715634,29.079778648669166,26.678134980454647,24.210980908623757,21.68029295831155,19.088016823931113,16.436064066830713,13.726309284545184,10.960587723067244,8.140693302128067,5.268377022718216,2.3453457258940205,-0.6267388277809157,-3.004929518312064,-3.004929518312064,-3.004929518312064,-3.004929518312064,-3.004929518312064,-3.004929518312064,-3.004929518312064,-3.004929518312064,-3.004929518312064,0.0,0.0
-3.004929518312064,-3.004929518312064,-3.004929518312064,-3.004929518312064,-3.004929518312064,-3.004929518312064,-3.004929518312064,-3.004929518312064,-3.004929518312064,-3.004929518312064,-0.1404480396199792,2.9191571717316984,5.93160696039914,8.895250176870002,11.808386351360248,14.669266145531664,17.476092103791586,20.227019737645584,22.920158977691454,25.553576028564898,28.12529566236209,30.63330398567083,33.07555171421895,35.44995798717832,37.754414750226864,39.98679173245451,42.14494203699847,44.226708358828795,46.22992983531334,48.15244952605668,49.99212250804659,51.74682456043549,53.41446140046695,54.9929784183335,56.48037084440148,57.87469426760605,59.17407540932852,60.376723043188605,61.48093893844962,62.48512869368881,63.387812318589965,64.18763441569381,64.88337381117239,65.47395248456353,65.95844365216792,66.3360788676147,66.60625401588318,66.7685340936268,66.82265668858449,66.7685340936268,66.60625401588318,66.3360788676147,65.95844365216792,65.47395248456353,64.88337381117239,64.18763441569381,63.387812318589965,62.48512869368881,61.48093893844962,60.376723043188605,59.17407540932852,57.87469426760605,56.48037084440148,54.9929784183335,53.41446140046695,51.74682456043549,49.99212250804659,48.15244952605668,46.22992983531334,44.226708358828795,42.14494203699847,39.98679173245451,37.754414750226864,35.44995798717832,33.07555171421895,30.63330398567083,28.12529566236209,25.553576028564898,22.920158977691454,20.227019737645584,17.476092103791586,14.669266145531664,11.808386351360248,8.895250176870002,5.93160696039914,2.9191571717316984,-0.1404480396199792,-3.004929518312064,-3.004929518312064,-3.004929518312064,-3.004929518312064,-3.004929518312064,-3.004929518312064,-3.004929518312064,-3.004929518312064,-3.004929518312064,0.0
-3.004929518312064,-3.004929518312064,-3.004929518312064,-3.004929518312064,-3.004929518312064,-3.004929518312064,-3.004929518312064,-3.004929518312064,-3.004929518312064,0.18423821652126748,3.329787047432756,6.430137262911179,9.483656329714206,12.488658628867658,15.443405430053474,18.346105137558048,21.194913843073923,23.98793622256308,26.723226816014574,29.398791730156315,32.0125908048969,34.56254028435132,37.04651603260609,39.46235733275806,41.80787130507326,44.08083797620672,46.27901602616943,48.4001492330016,50.441973626825046,52.40222535504315,54.27864924893736,56.069008068827095,57.77109239044856,59.38273107948123,60.90180228450737,62.32624486152364,63.65407012592172,64.88337381117239,66.01234809792297,67.03929356351819,67.96263089076979,68.78091216679766,69.49283159854878,70.0972354716782,70.59313118421115,70.97969519598547,71.25627974928337,71.42241823506718,71.47782910237763,71.42241823506718,71.25627974928337,70.97969519598547,70.59313118421115,70.0972354716782,69.49283159854878,68.78091216679766,67.96263089076979,67.03929356351819,66.01234809792297,64.88337381117239,63.65407012592172,62.32624486152364,60.90180228450737,59.38273107948123,57.77109239044856,56.069008068827095,54.27864924893736,52.40222535504315,50.441973626825046,48.4001492330016,46.27901602616943,44.08083797620672,41.80787130507326,39.46235733275806,37.04651603260609,34.56254028435132,32.0125908048969,29.398791730156315,26.723226816014574,23.98793622256308,21.194913843073923,18.346105137558048,15.443405430053474,12.488658628867658,9.483656329714206,6.430137262911179,3.329787047432756,0.18423821652126748,-3.004929518312064,-3.004929518312064,-3.004929518312064,-3.004929518312064,-3.004929518312064,-3.004929518312064,-3.004929518312064,-3.004929518312064,-3.004929518312064
-3.004929518312064,-3.004929518312064,-3.004929518312064,-3.004929518312064,-3.004929518312064,-3.004929518312064,-3.004929518312064,-2.924655991935551,0.34672960325240343,3.57647222550317,6.763021376108955,9.90477094370858,13.00005849961829,16.04716479722175,19.044313508711443,21.9896712352047,24.881347828903245,27.717397068444672,30.495817730808934,33.21455510498282,35.87150299391343,38.46450625195924,40.99136390490476,43.44983289847401,45.83763251897622,48.15244952605668,50.391944032336404,52.55375615783446,54.6355134783499,56.634839276332684,58.549361590160736,60.376723043188605,62.11459141756193,63.76067091980411,65.31271406591877,66.7685340936268,68.12601778895228,69.38313859432228,70.53796984642996,71.58869797513117,72.53363548046505,73.37123349434093,74.10009372730248,74.71897959971852,75.22682636125981,75.6227500128774,75.90605486172504,76.07623956132011,76.13300151617071,76.07623956132011,75.90605486172504,75.6227500128774,75.22682636125981,74.71897959971852,74.10009372730248,73.37123349434093,72.53363548046505,71.58869797513117,70.53796984642996,69.38313859432228,68.12601778895228,66.7685340936268,65.31271406591877,63.76067091980411,62.11459141756193,60.376723043188605,58.549361590160736,56.634839276332684,54.6355134783499,52.55375615783446,50.391944032336404,48.15244952605668,45.83763251897622,43.44983289847401,40.99136390490476,38.46450625195924,35.87150299391343,33.21455510498282,30.495817730808934,27.717397068444672,24.881347828903245,21.9896712352047,19.044313508711443,16.04716479722175,13.00005849961829,9.90477094370858,6.763021376108955,3.57647222550317,0.34672960325240343,-2.924655991935551,-3.004929518312064,-3.004929518312064,-3.004929518312064,-3.004929518312064,-3.004929518312064,-3.004929518312064,-3.004929518312064
-3.004929518312064,-3.004929518312064,-3.004929518312064,-3.004929518312064,-3.004929518312064,-3.004929518312064,-3.004929518312064,0.34672960325240343,3.6587519708357563,6.929623217196621,10.157771135749671,13.3415645525276,16.479312363763682,19.569262771484887,22.609602752735814,25.59845780132059,28.53389198418874,31.413908357715634,34.23644979203278,36.99940025412801,39.70058660250868,42.337780947640596,44.908703632951934,47.411026890715235,49.8423792253802,52.2003505736867,54.48249828592256,56.686353965780356,58.80943119722477,60.84923417545266,62.803267245324044,64.66904533454318,66.44410525047192,68.12601778895228,69.71240058125295,71.20093158170397,72.58936307438802,73.87553605318048,75.05739480638303,76.13300151617071,77.10055066512908,77.95838302835425,78.7049990209188,79.33907116784238,79.85945546771275,80.26520143218701,80.55556060185299,80.72999336408483,80.78817392996382,80.72999336408483,80.55556060185299,80.26520143218701,79.85945546771275,79.33907116784238,78.7049990209188,77.95838302835425,77.10055066512908,76.13300151617071,75.05739480638303,73.87553605318048,72.58936307438802,71.20093158170397,69.71240058125295,68.12601778895228,66.44410525047192,64.66904533454318,62.803267245324044,60.84923417545266,58.80943119722477,56.686353965780356,54.48249828592256,52.2003505736867,49.8423792253802,47.411026890715235,44.908703632951934,42.337780947640596,39.70058660250868,36.99940025412801,34.23644979203278,31.413908357715634,28.53389198418874,25.59845780132059,22.609602752735814,19.569262771484887,16.479312363763682,13.3415645525276,10.157771135749671,6.929623217196621,3.6587519708357563,0.34672960325240343,-3.004929518312064,-3.004929518312064,-3.004929518312064,-3.004929518312064,-3.004929518312064,-3.004929518312064,-3.004929518312064
-3.004929518312064,-3.004929518312064,-3.004929518312064,-3.004929518312064,-3.004929518312064,-3.004929518312064,0.18423821652126748,3.57647222550317,6.929623217196621,10.24215993360706,13.512490115016531,16.738959099397217,19.91984857663886,23.053375531691138,26.1376914144698,29.170881578233015,32.15096503203633,35.075894556728585,37.94355723765435,40.751775470641434,43.49830850081849,46.18085455613733,48.797053638953386,51.344491039403344,53.820701633347625,56.22317502504115,58.549361590160736,60.79667946808356,62.96252254310154,65.04426944235543,67.03929356351819,68.94497412757363,70.75870823145836,72.47792385204765,74.10009372730248,75.6227500128774,77.04349958383087,78.36003982217765,79.57017470295355,80.67183096544086,81.66307413353336,82.54212413124253,83.30737022733652,83.95738503820087,84.49093732112178,84.90700330188986,85.20477630110202,85.38367445253574,85.44334634375689,85.38367445253574,85.20477630110202,84.90700330188986,84.49093732112178,83.95738503820087,83.30737022733652,82.54212413124253,81.66307413353336,80.67183096544086,79.57017470295355,78.36003982217765,77.04349958383087,75.6227500128774,74.10009372730248,72.47792385204765,70.75870823145836,68.94497412757363,67.03929356351819,65.04426944235543,62.96252254310154,60.79667946808356,58.549361590160736,56.22317502504115,53.820701633347625,51.344491039403344,48.797053638953386,46.18085455613733,43.49830850081849,40.751775470641434,37.94355723765435,35.075894556728585,32.15096503203633,29.170881578233015,26.1376914144698,23.053375531691138,19.91984857663886,16.738959099397217,13.512490115016531,10.24215993360706,6.929623217196621,3.57647222550317,0.18423821652126748,-3.004929518312064,-3.004929518312064,-3.004929518312064,-3.004929518312064,-3.004929518312064,-3.004929518312064
-3.004929518312064,-3.004929518312064,-3.004929518312064,-3.004929518312064,-3.004929518312064,-0.1404480396199792,3.329787047432756,6.763021376108955,10.157771135749671,13.512490115016531,16.82556789637837,20.095328159787776,23.32002712709152,26.497852182780203,29.626920710989317,32.705279193161246,35.730902615409306,38.70169423930228,41.61548579439449,44.470038155231215,47.26304256957721,49.99212250804659,52.65483620791131,55.248679985348424,57.77109239044856,60.219459277603136,62.59111986006585,64.88337381117239,67.09348946556209,69.21871316144792,71.25627974928337,73.20342427290741,75.05739480638303,76.81546640340575,78.47495608667143,80.03323877250638,81.48776399216226,82.83607323650965,84.07581771669157,85.20477630110202,86.22087336045165,87.12219622935524,87.90701197647198,88.57378316724187,89.12118230491016,89.5481046476397,89.85367912241479,90.03727708989426,90.09851875754997,90.03727708989426,89.85367912241479,89.5481046476397,89.12118230491016,88.57378316724187,87.90701197647198,87.12219622935524,86.22087336045165,85.20477630110202,84.07581771669157,82.83607323650965,81.48776399216226,80.03323877250638,78.47495608667143,76.81546640340575,75.05739480638303,73.20342427290741,71.25627974928337,69.21871316144792,67.09348946556209,64.88337381117239,62.59111986006585,60.219459277603136,57.77109239044856,55.248679985348424,52.65483620791131,49.99212250804659,47.26304256957721,44.470038155231215,41.61548579439449,38.70169423930228,35.730902615409306,32.705279193161246,29.626920710989317,26.497852182780203,23.32002712709152,20.095328159787776,16.82556789637837,13.512490115016531,10.157771135749671,6.763021376108955,3.329787047432756,-0.1404480396199792,-3.004929518312064,-3.004929518312064,-3.004929518312064,-3.004929518312064,-3.004929518312064
-3.004929518312064,-3.004929518312064,-3.004929518312064,-3.004929518312064,-0.6267388277809157,2.9191571717316984,6.430137262911179,9.90477094370858,13.3415645525276,16.738959099397217,20.095328159787776,23.408975859149635,26.678134980454647,29.90096523157431,33.07555171421895,36.19990364134683,39.27195335538086,42.289555705154385,45.25048784514107,48.15244952605668,50.99306395117422,53.769879277434654,56.48037084440148,59.12194421696899,61.69193912913673,64.18763441569381,66.60625401588318,68.94497412757363,71.20093158170397,73.37123349434093,75.45296823723739,77.44321774701106,79.33907116784238,81.13763979296981,82.83607323650965,84.43157672981052,85.92142939652537,87.30300331903028,88.57378316724187,89.73138612106247,90.77358178162311,91.69831173631076,92.50370842038947,93.18811290580837,93.75009124718217,94.18844902709976,94.50224376840504,94.69079491972683,94.75369117134308,94.69079491972683,94.50224376840504,94.18844902709976,93.75009124718217,93.18811290580837,92.50370842038947,91.69831173631076,90.77358178162311,89.73138612106247,88.57378316724187,87.30300331903028,85.92142939652537,84.43157672981052,82.83607323650965,81.13763979296981,79.33907116784238,77.44321774701106,75.45296823723739,73.37123349434093,71.20093158170397,68.94497412757363,66.60625401588318,64.18763441569381,61.69193912913673,59.12194421696899,56.48037084440148,53.769879277434654,50.99306395117422,48.15244952605668,45.25048784514107,42.289555705154385,39.27195335538086,36.19990364134683,33.07555171421895,29.90096523157431,26.678134980454647,23.408975859149635,20.095328159787776,16.738959099397217,13.3415645525276,9.90477094370858,6.430137262911179,2.9191571717316984,-0.6267388277809157,-3.004929518312064,-3.004929518312064,-3.004929518312064,-3.004929518312064
-3.004929518312064,-3.004929518312064,-3.004929518312064,-1.2737553279986613,2.3453457258940205,5.93160696039914,9.483656329714206,13.00005849961829,16.479312363763682,19.91984857663886,23.32002712709152,26.678134980454647,29.992383821920985,33.260907938862964,36.48176228528893,39.65292077753688,42.77227487659004,45.83763251897622,48.846717464984856,51.79716913975142,54.68654304943463,57.51231186099826,60.2718672397183,62.96252254310154,65.58151647300988,68.12601778895228,70.59313118421115,72.9799044221303,75.28333682192999,77.50038917124459,79.62799512567106,81.66307413353336,83.60254589651909,85.44334634375689,87.18244505846206,88.81686405302405,90.34369774124742,91.76013390672064,93.0634754157314,94.25116237391352,95.32079438037212,96.27015249407044,97.0972204974963,97.80020502464362,98.37755411637055,98.82797377786454,99.1504421411229,99.34422087997555,99.40886358513622,99.34422087997555,99.1504421411229,98.82797377786454,98.37755411637055,97.80020502464362,97.0972204974963,96.27015249407044,95.32079438037212,94.25116237391352,93.0634754157314,91.76013390672064,90.34369774124742,88.81686405302405,87.18244505846206,85.44334634375689,83.60254589651909,81.66307413353336,79.62799512567106,77.50038917124459,75.28333682192999,72.9799044221303,70.59313118421115,68.12601778895228,65.58151647300988,62.96252254310154,60.2718672397183,57.51231186099826,54.68654304943463,51.79716913975142,48.846717464984856,45.83763251897622,42.77227487659004,39.65292077753688,36.48176228528893,33.260907938862964,29.992383821920985,26.678134980454647,23.32002712709152,19.91984857663886,16.479312363763682,13.00005849961829,9.483656329714206,5.93160696039914,2.3453457258940205,-1.2737553279986613,-3.004929518312064,-3.004929518312064,-3.004929518312064
-3.004929518312064,-3.004929518312064,-2.08033810362069,1.6094111913713538,5.268377022718216,8.895250176870002,12.488658628867658,16.04716479722175,19.569262771484887,23.053375531691138,26.497852182780203,29.90096523157431,33.260907938862964,36.57579178469224,39.84364409106175,43.062405852892276,46.22992983531334,49.343979002966606,52.40222535504315,55.40224924802252,58.34153929637615,61.217492949581285,64.027417851352,66.7685340936268,69.43797748309497,72.03280394132862,74.5499951602919,76.98646563241867,79.33907116784238,81.60461899997183,83.7798795636984,85.86160000745333,87.8465194706072,89.73138612106247,91.51297590437392,93.18811290580837,94.75369117134308,96.20669777417349,97.54423685188273,98.76355427858395,99.86206257912295,100.83736564219895,101.68728274953378,102.40987141240535,103.00344849795331,103.4666091379783,103.79824294380211,103.99754710226958,104.06403599892934,103.99754710226958,103.79824294380211,103.4666091379783,103.00344849795331,102.40987141240535,101.68728274953378,100.83736564219895,99.86206257912295,98.76355427858395,97.54423685188273,96.20669777417349,94.75369117134308,93.18811290580837,91.51297590437392,89.73138612106247,87.8465194706072,85.86160000745333,83.7798795636984,81.60461899997183,79.33907116784238,76.98646563241867,74.5499951602919,72.03280394132862,69.43797748309497,66.7685340936268,64.027417851352,61.217492949581285,58.34153929637615,55.40224924802252,52.40222535504315,49.343979002966606,46.22992983531334,43.062405852892276,39.84364409106175,36.57579178469224,33.260907938862964,29.90096523157431,26.497852182780203,23.053375531691138,19.569262771484887,16.04716479722175,12.488658628867658,8.895250176870002,5.268377022718216,1.6094111913713538,-2.08033810362069,-3.004929518312064,-3.004929518312064
-3.004929518312064,-3.004929518312064,0.7126977616690148,4.441695578586908,8.140693302128067,11.808386351360248,15.443405430053474,19.044313508711443,22.609602752735814,26.1376914144698,29.626920710989317,33.07555171421895,36.48176228528893,39.84364409106175,43.15919974746359,46.426340141675766,49.64288199335947,52.806545723868474,55.91495371177402,58.96562902285453,61.95599471281849,64.88337381117239,67.74499010448699,70.53796984642996,73.25934452979484,75.90605486172504,78.47495608667143,80.96282480148852,83.3663674025388,85.68223029476997,87.90701197647198,90.03727708989426,92.06957249633962,94.0004453942137,95.82646344963399,97.54423685188273,99.1504421411229,100.64184758494585,102.01533980580089,103.26795128621822,104.3968883066981,105.39955880645897,106.27359960442386,107.01690238138836,107.62763780829498,108.10427721318713,108.445611212718,108.65076479349361,108.71920841272248,108.65076479349361,108.445611212718,108.10427721318713,107.62763780829498,107.01690238138836,106.27359960442386,105.39955880645897,104.3968883066981,103.26795128621822,102.01533980580089,100.64184758494585,99.1504421411229,97.54423685188273,95.82646344963399,94.0004453942137,92.06957249633962,90.03727708989426,87.90701197647198,85.68223029476997,83.3663674025388,80.96282480148852,78.47495608667143,75.90605486172504,73.25934452979484,70.53796984642996,67.74499010448699,64.88337381117239,61.95599471281849,58.96562902285453,55.91495371177402,52.806545723868474,49.64288199335947,46.426340141675766,43.15919974746359,39.84364409106175,36.48176228528893,33.07555171421895,29.626920710989317,26.1376914144698,22.609602752735814,19.044313508711443,15.443405430053474,11.808386351360248,8.140693302128067,4.441695578586908,0.7126977616690148,-3.004929518312064,-3.004929518312064
-3.004929518312064,-0.3431767009004799,3.453100773142883,7.221433540860329,10.960587723067244,14.669266145531664,18.346105137558048,21.9896712352047,25.59845780132059,29.170881578233015,32.705279193161246,36.19990364134683,39.65292077753688,43.062405852892276,46.426340141675766,49.74260771023492,53.008992389858626,56.22317502504115,59.38273107948123,62.48512869368881,65.5277273001966,68.5077769148425,71.42241823506718,74.268683688212,77.04349958383087,79.74368953334086,82.3659793070664,84.90700330188986,87.36331279116449,89.73138612106247,92.00764100281292,94.18844902709976,96.27015249407044,98.24908360907406,100.1215860398801,101.8840387657771,103.5328820733621,105.06464546961746,106.47597719261896,107.76367490749797,108.9247170846395,109.95629447386342,110.85584101834054,111.62106350116274,112.24996919132387,112.7408907589003,113.09250776443044,113.30386409585418,113.37438082651545,113.30386409585418,113.09250776443044,112.7408907589003,112.24996919132387,111.62106350116274,110.85584101834054,109.95629447386342,108.9247170846395,107.76367490749797,106.47597719261896,105.06464546961746,103.5328820733621,101.8840387657771,100.1215860398801,98.24908360907406,96.27015249407044,94.18844902709976,92.00764100281292,89.73138612106247,87.36331279116449,84.90700330188986,82.3659793070664,79.74368953334086,77.04349958383087,74.268683688212,71.42241823506718,68.5077769148425,65.5277273001966,62.48512869368881,59.38273107948123,56.22317502504115,53.008992389858626,49.74260771023492,46.426340141675766,43.062405852892276,39.65292077753688,36.19990364134683,32.705279193161246,29.170881578233015,25.59845780132059,21.9896712352047,18.346105137558048,14.669266145531664,10.960587723067244,7.221433540860329,3.453100773142883,-0.3431767009004799,-3.004929518312064
-1.5563348632160856,2.3044067938282717,6.139212133211181,9.946920349605092,13.726309284545184,17.476092103791586,21.194913843073923,24.881347828903245,28.53389198418874,32.15096503203633,35.730902615409306,39.27195335538086,42.77227487659004,46.22992983531334,49.64288199335947,53.008992389858626,56.32601567300615,59.59159666495434,62.803267245324044,65.95844365216792,69.05442431352549,72.08838833776562,75.05739480638303,77.95838302835425,80.78817392996382,83.54347276740279,86.22087336045165,88.81686405302405,91.32783560890981,93.75009124718217,96.07985900978545,98.31330663209386,100.44655905411739,102.47571866411829,104.3968883066981,106.20619701354838,107.8998283274994,109.47405099079383,110.92525165945153,112.24996919132387,113.44492994144402,114.50708339124027,115.43363734558723,116.22209186136224,116.87027103061153,117.37635173697029,117.73888854003359,117.95683392075097,118.02955324030857,117.95683392075097,117.73888854003359,117.37635173697029,116.87027103061153,116.22209186136224,115.43363734558723,114.50708339124027,113.44492994144402,112.24996919132387,110.92525165945153,109.47405099079383,107.8998283274994,106.20619701354838,104.3968883066981,102.47571866411829,100.44655905411739,98.31330663209386,96.07985900978545,93.75009124718217,91.32783560890981,88.81686405302405,86.22087336045165,83.54347276740279,80.78817392996382,77.95838302835425,75.05739480638303,72.08838833776562,69.05442431352549,65.95844365216792,62.803267245324044,59.59159666495434,56.32601567300615,53.008992389858626,49.64288199335947,46.22992983531334,42.77227487659004,39.27195335538086,35.730902615409306,32.15096503203633,28.53389198418874,24.881347828903245,21.194913843073923,17.476092103791586,13.726309284545184,9.946920349605092,6.139212133211181,2.3044067938282717,-1.5563348632160856
0.9976877690226627,4.896047704446804,8.769337581216279,12.616412211008807,16.436064066830713,20.227019737645584,23.98793622256308,27.717397068444672,31.413908357715634,35.075894556728585,38.70169423930228,42.289555705154385,45.83763251897622,49.343979002966606,52.806545723868474,56.22317502504115,59.59159666495434,62.909423635777515,66.17414824950839,69.38313859432228,72.53363548046505,75.6227500128774,78.64746194655498,81.60461899997183,84.49093732112178,87.30300331903028,90.03727708989426,92.6900976799898,95.25769043554615,97.73617669105279,100.1215860398801,102.40987141240535,104.59692715484829,106.67861025461582,108.65076479349361,110.50924962746947,112.24996919132387,113.86890720866722,115.36216295673522,116.7259895946665,117.95683392075097,119.05137678654685,120.0065732734578,120.81969164068627,121.4883499925948,122.01054959729798,122.38470382332767,122.6096617505458,122.68472565410171,122.6096617505458,122.38470382332767,122.01054959729798,121.4883499925948,120.81969164068627,120.0065732734578,119.05137678654685,117.95683392075097,116.7259895946665,115.36216295673522,113.86890720866722,112.24996919132387,110.50924962746947,108.65076479349361,106.67861025461582,104.59692715484829,102.40987141240535,100.1215860398801,97.73617669105279,95.25769043554615,92.6900976799898,90.03727708989426,87.30300331903028,84.49093732112178,81.60461899997183,78.64746194655498,75.6227500128774,72.53363548046505,69.38313859432228,66.17414824950839,62.909423635777515,59.59159666495434,56.22317502504115,52.806545723868474,49.343979002966606,45.83763251897622,42.289555705154385,38.70169423930228,35.075894556728585,31.413908357715634,27.717397068444672,23.98793622256308,20.227019737645584,16.436064066830713,12.616412211008807,8.769337581216279,4.896047704446804,0.9976877690226627
3.494218172520731,7.430070340193097,11.341749185728276,15.228127970840406,19.088016823931113,22.920158977691454,26.723226816014574,30.495817730808934,34.23644979203278,37.94355723765435,41.61548579439449,45.25048784514107,48.846717464984856,52.40222535504315,55.91495371177402,59.38273107948123,62.803267245324044,66.17414824950839,69.49283159854878,72.75664178662697,75.96276624912025,79.10825189324478,82.19000237322632,85.20477630110202,88.14918660856354,91.01970129935461,93.81264585446954,96.5242075723035,99.1504421411229,101.68728274953378,104.13055203945717,106.47597719261896,108.71920841272248,110.85584101834054,112.88144129352766,114.79157615226065,116.58184655827597,118.24792450441129,119.78559319798748,121.19078992621297,122.45965089581871,123.58855716436632,124.57418061926872,125.41352882819488,126.10398749500443,126.64335922120655,127.0298973037333,127.26233340075757,127.3398980678948,127.26233340075757,127.0298973037333,126.64335922120655,126.10398749500443,125.41352882819488,124.57418061926872,123.58855716436632,122.45965089581871,121.19078992621297,119.78559319798748,118.24792450441129,116.58184655827597,114.79157615226065,112.88144129352766,110.85584101834054,108.71920841272248,106.47597719261896,104.13055203945717,101.68728274953378,99.1504421411229,96.5242075723035,93.81264585446954,91.01970129935461,88.14918660856354,85.20477630110202,82.19000237322632,79.10825189324478,75.96276624912025,72.75664178662697,69.49283159854878,66.17414824950839,62.803267245324044,59.38273107948123,55.91495371177402,52.40222535504315,48.846717464984856,45.25048784514107,41.61548579439449,37.94355723765435,34.23644979203278,30.495817730808934,26.723226816014574,22.920158977691454,19.088016823931113,15.228127970840406,11.341749185728276,7.430070340193097,3.494218172520731
5.93160696039914,9.90477094370858,13.854687477061631,17.78025118047919,21.68029295831155,25.553576028564898,29.398791730156315,33.21455510498282,36.99940025412801,40.751775470641434,44.470038155231215,48.15244952605668,51.79716913975142,55.40224924802252,58.96562902285453,62.48512869368881,65.95844365216792,69.38313859432228,72.75664178662697,76.07623956132011,79.33907116784238,82.54212413124253,85.68223029476997,88.75606275235364,91.76013390672064,94.69079491972683,97.54423685188273,100.31649381646722,103.00344849795331,105.60084040213204,108.10427721318713,110.50924962746947,112.8111500108816,115.00529518255283,117.08695355795533,119.05137678654685,120.89383589036692,122.6096617505458,124.19428960072064,125.64330697527338,126.95250433504455,128.11792736625344,129.13592973550075,130.0032249030058,130.71693546643962,131.2746384464956,131.67440494678692,131.9148327331478,131.99507048168795,131.9148327331478,131.67440494678692,131.2746384464956,130.71693546643962,130.0032249030058,129.13592973550075,128.11792736625344,126.95250433504455,125.64330697527338,124.19428960072064,122.6096617505458,120.89383589036692,119.05137678654685,117.08695355795533,115.00529518255283,112.8111500108816,110.50924962746947,108.10427721318713,105.60084040213204,103.00344849795331,100.31649381646722,97.54423685188273,94.69079491972683,91.76013390672064,88.75606275235364,85.68223029476997,82.54212413124253,79.33907116784238,76.07623956132011,72.75664178662697,69.38313859432228,65.95844365216792,62.48512869368881,58.96562902285453,55.40224924802252,51.79716913975142,48.15244952605668,44.470038155231215,40.751775470641434,36.99940025412801,33.21455510498282,29.398791730156315,25.553576028564898,21.68029295831155,17.78025118047919,13.854687477061631,9.90477094370858,5.93160696039914
8.308182402277783,12.318420207254725,16.306363942667925,20.270932550653438,24.210980908623757,28.12529566236209,32.0125908048969,35.87150299391343,39.70058660250868,43.49830850081849,47.26304256957721,50.99306395117422,54.68654304943463,58.34153929637615,61.95599471281849,65.5277273001966,69.05442431352549,72.53363548046505,75.96276624912025,79.33907116784238,82.65964752409137,85.92142939652537,89.12118230491016,92.25549867605571,95.32079438037212,98.31330663209386,101.22909358560133,104.06403599892934,106.81384137123906,109.47405099079383,112.04005035013017,114.50708339124027,116.87027103061153,119.12463437642863,121.26512298256368,123.28664838110356,125.18412299318753,126.95250433504455,128.58684421355014,130.08234234857616,131.43440357784377,132.63869750897453,133.6912192029082,134.58834922656615,135.32691122626184,135.90422507173088,136.318153624553,136.56714130744962,136.65024289548103,136.56714130744962,136.318153624553,135.90422507173088,135.32691122626184,134.58834922656615,133.6912192029082,132.63869750897453,131.43440357784377,130.08234234857616,128.58684421355014,126.95250433504455,125.18412299318753,123.28664838110356,121.26512298256368,119.12463437642863,116.87027103061153,114.50708339124027,112.04005035013017,109.47405099079383,106.81384137123906,104.06403599892934,101.22909358560133,98.31330663209386,95.32079438037212,92.25549867605571,89.12118230491016,85.92142939652537,82.65964752409137,79.33907116784238,75.96276624912025,72.53363548046505,69.05442431352549,65.5277273001966,61.95599471281849,58.34153929637615,54.68654304943463,50.99306395117422,47.26304256957721,43.49830850081849,39.70058660250868,35.87150299391343,32.0125908048969,28.12529566236209,24.210980908623757,20.270932550653438,16.306363942667925,12.318420207254725,8.308182402277783
10.62225327383427,14.669266145531664,18.694963906823233,22.69829281834171,26.678134980454647,30.63330398567083,34.56254028435132,38.46450625195924,42.337780947640596,46.18085455613733,49.99212250804659,53.769879277434654,57.51231186099826,61.217492949581285,64.88337381117239,68.5077769148425,72.08838833776562,75.6227500128774,79.10825189324478,82.54212413124253,85.92142939652537,89.24305548686272,92.50370842038947,95.6999062367567,98.82797377786454,101.8840387657771,104.86402954505485,107.76367490749797,110.57850646682279,113.30386409585418,115.93490497517939,118.46661682455586,120.89383589036692,123.21127023686947,125.41352882819488,127.49515678450314,129.45067704281132,131.2746384464956,132.96167002652402,134.50654092635753,135.90422507173088,137.14996931393054,138.23936340570103,139.1684098337081,139.93359126554415,140.53193320769992,140.96105944431415,141.21923795587068,141.30541530927417,141.21923795587068,140.96105944431415,140.53193320769992,139.93359126554415,139.1684098337081,138.23936340570103,137.14996931393054,135.90422507173088,134.50654092635753,132.96167002652402,131.2746384464956,129.45067704281132,127.49515678450314,125.41352882819488,123.21127023686947,120.89383589036692,118.46661682455586,115.93490497517939,113.30386409585418,110.57850646682279,107.76367490749797,104.86402954505485,101.8840387657771,98.82797377786454,95.6999062367567,92.50370842038947,89.24305548686272,85.92142939652537,82.54212413124253,79.10825189324478,75.6227500128774,72.08838833776562,68.5077769148425,64.88337381117239,61.217492949581285,57.51231186099826,53.769879277434654,49.99212250804659,46.18085455613733,42.337780947640596,38.46450625195924,34.56254028435132,30.63330398567083,26.678134980454647,22.69829281834171,18.694963906823233,14.669266145531664,10.62225327383427
12.872112049400425,16.955537341076777,21.01864981422691,25.060426050633026,29.079778648669166,33.07555171421895,37.04651603260609,40.99136390490476,44.908703632951934,48.797053638953386,52.65483620791131,56.48037084440148,60.2718672397183,64.027417851352,67.74499010448699,71.42241823506718,75.05739480638303,78.64746194655498,82.19000237322632,85.68223029476997,89.12118230491016,92.50370842038947,95.82646344963399,99.08589892460911,102.27825587832186,105.39955880645897,108.445611212718,111.41199320208563,114.29406165233225,117.08695355795533,119.78559319798748,122.38470382332767,124.87882458279437,127.26233340075757,129.52947647261834,131.67440494678692,133.6912192029082,135.5740209077866,137.3169727285944,138.91436520950336,140.36068988311655,141.65071721217794,142.7795774708565,143.7428422190705,144.53660364545365,145.15754880438968,145.6030256951559,145.8710982596336,145.9605877230673,145.8710982596336,145.6030256951559,145.15754880438968,144.53660364545365,143.7428422190705,142.7795774708565,141.65071721217794,140.36068988311655,138.91436520950336,137.3169727285944,135.5740209077866,133.6912192029082,131.67440494678692,129.52947647261834,127.26233340075757,124.87882458279437,122.38470382332767,119.78559319798748,117.08695355795533,114.29406165233225,111.41199320208563,108.445611212718,105.39955880645897,102.27825587832186,99.08589892460911,95.82646344963399,92.50370842038947,89.12118230491016,85.68223029476997,82.19000237322632,78.64746194655498,75.05739480638303,71.42241823506718,67.74499010448699,64.027417851352,60.2718672397183,56.48037084440148,52.65483620791131,48.797053638953386,44.908703632951934,40.99136390490476,37.04651603260609,33.07555171421895,29.079778648669166,25.060426050633026,21.01864981422691,16.955537341076777,12.872112049400425
