0.0,0.0,0.0,0.0,0.0,0.0,0.0,0.0,0.0,0.0,0.0,0.0,0.0,0.0,0.0,0.0,0.0,0.0,0.0,0.0,0.0,0.0,0.0,0.0,0.0,0.0,0.0,0.0,0.0,0.0,0.0,0.0,0.0,0.0,0.0,0.0,0.0,0.0,0.0,0.0,0.0,0.0,0.0,0.0,0.0,0.0,0.0,0.0,0.0,0.0,0.0,0.0,0.0,0.0,0.0,0.0,0.0,0.0,0.0,0.0,0.0,0.0,0.0,0.0,0.0,0.0,0.0,0.0,0.0,0.0,0.0,0.0,0.0,0.0,0.0,0.0,0.0,0.0,0.0,0.0,0.0,0.0,0.0,0.0,0.0,0.0,0.0,0.0,0.0,0.0,0.0,0.0,0.0,0.0,0.0,0.0,0.0
0.0,0.0,0.0,0.0,0.0,0.0,0.0,0.0,0.0,0.0,0.0,0.0,0.0,0.0,0.0,0.0,0.0,0.0,0.0,0.0,0.0,0.0,0.0,0.0,0.0,0.0,0.0,0.0,0.0,0.0,0.0,0.0,0.0,0.3246754197972823,1.7084884683914003,2.934853171482299,4.0018125265615,4.907637452698596,5.650840329362972,6.230186910316741,6.64470639587945,6.893699475348766,6.976744186046524,6.893699475348766,6.64470639587945,6.230186910316741,5.650840329362972,4.907637452698596,4.0018125265615,2.934853171482299,1.7084884683914003,0.3246754197972823,0.0,0.0,0.0,0.0,0.0,0.0,0.0,0.0,0.0,0.0,0.0,0.0,0.0,0.0,0.0,0.0,0.0,0.0,0.0,0.0,0.0,0.0,0.0,0.0,0.0,0.0,0.0,0.0,0.0,0.0,0.0,0.0,0.0,0.0,0.0,0.0,0.0,0.0,0.0,0.0,0.0,0.0,0.0,0.0,0.0
0.0,0.0,0.0,0.0,0.0,0.0,0.0,0.0,0.0,0.0,0.0,0.0,0.0,0.0,0.0,0.0,0.0,0.0,0.0,0.0,0.0,0.0,0.0,0.0,0.0,0.0,0.0,0.0,0.0,0.0,1.9533577214814735,3.8374147424494427,5.5681695905694255,7.142904253739211,8.559089662249908,9.814404515087139,10.906753184641962,11.83428239911561,12.595396408660738,13.188770356821395,13.613361603156376,13.868418775676123,13.953488372093013,13.868418775676123,13.613361603156376,13.188770356821395,12.595396408660738,11.83428239911561,10.906753184641962,9.814404515087139,8.559089662249908,7.142904253739211,5.5681695905694255,3.8374147424494427,1.9533577214814735,0.0,0.0,0.0,0.0,0.0,0.0,0.0,0.0,0.0,0.0,0.0,0.0,0.0,0.0,0.0,0.0,0.0,0.0,0.0,0.0,0.0,0.0,0.0,0.0,0.0,0.0,0.0,0.0,0.0,0.0,0.0,0.0,0.0,0.0,0.0,0.0,0.0,0.0,0.0,0.0,0.0,0.0
0.0,0.0,0.0,0.0,0.0,0.0,0.0,0.0,0.0,0.0,0.0,0.0,0.0,0.0,0.0,0.0,0.0,0.0,0.0,0.0,0.0,0.0,0.0,0.0,0.0,0.0,0.0,1.9533577214814735,4.330882319761509,6.561755653770836,8.642609053659067,10.570206799652906,12.341467980163197,13.953488372093013,15.40356203203064,16.68920226632158,17.80816163502299,18.758450640748265,19.538354759417018,20.146449486536085,20.581613099989013,20.843036878010864,20.930232558139537,20.843036878010864,20.581613099989013,20.146449486536085,19.538354759417018,18.758450640748265,17.80816163502299,16.68920226632158,15.40356203203064,13.953488372093013,12.341467980163197,10.570206799652906,8.642609053659067,6.561755653770836,4.330882319761509,1.9533577214814735,0.0,0.0,0.0,0.0,0.0,0.0,0.0,0.0,0.0,0.0,0.0,0.0,0.0,0.0,0.0,0.0,0.0,0.0,0.0,0.0,0.0,0.0,0.0,0.0,0.0,0.0,0.0,0.0,0.0,0.0,0.0,0.0,0.0,0.0,0.0,0.0,0.0,0.0,0.0
0.0,0.0,0.0,0.0,0.0,0.0,0.0,0.0,0.0,0.0,0.0,0.0,0.0,0.0,0.0,0.0,0.0,0.0,0.0,0.0,0.0,0.0,0.0,0.0,0.3246754197972823,3.1807341462886107,5.898991976400123,8.475594198471924,10.906753184641962,13.188770356821395,15.318059119490739,17.29116852063055,19.104807360036347,20.75586842526278,22.241452501473745,23.558891774526273,24.70577222862055,25.679954632499992,26.47959371284663,27.103155131051935,27.549429910232995,27.81754600282104,27.906976744186075,27.81754600282104,27.549429910232995,27.103155131051935,26.47959371284663,25.679954632499992,24.70577222862055,23.558891774526273,22.241452501473745,20.75586842526278,19.104807360036347,17.29116852063055,15.318059119490739,13.188770356821395,10.906753184641962,8.475594198471924,5.898991976400123,3.1807341462886107,0.3246754197972823,0.0,0.0,0.0,0.0,0.0,0.0,0.0,0.0,0.0,0.0,0.0,0.0,0.0,0.0,0.0,0.0,0.0,0.0,0.0,0.0,0.0,0.0,0.0,0.0,0.0,0.0,0.0,0.0,0.0,0.0,0.0,0.0,0.0,0.0,0.0,0.0
0.0,0.0,0.0,0.0,0.0,0.0,0.0,0.0,0.0,0.0,0.0,0.0,0.0,0.0,0.0,0.0,0.0,0.0,0.0,0.0,0.0,0.0,0.40589925231783175,3.5909890290976594,6.64470639587945,9.562907490716533,12.341467980163197,14.976303965365172,17.463394446745294,19.79880519037391,21.9787137883078,23.99943565322118,25.857450636439555,27.549429910232995,29.072262712359063,30.423082515883873,31.599292162725447,32.59858748739348,33.41897895986791,34.0588108947081,34.51677780780772,34.791937552350525,34.88372093023257,34.791937552350525,34.51677780780772,34.0588108947081,33.41897895986791,32.59858748739348,31.599292162725447,30.423082515883873,29.072262712359063,27.549429910232995,25.857450636439555,23.99943565322118,21.9787137883078,19.79880519037391,17.463394446745294,14.976303965365172,12.341467980163197,9.562907490716533,6.64470639587945,3.5909890290976594,0.40589925231783175,0.0,0.0,0.0,0.0,0.0,0.0,0.0,0.0,0.0,0.0,0.0,0.0,0.0,0.0,0.0,0.0,0.0,0.0,0.0,0.0,0.0,0.0,0.0,0.0,0.0,0.0,0.0,0.0,0.0,0.0,0.0,0.0,0.0,0.0
0.0,0.0,0.0,0.0,0.0,0.0,0.0,0.0,0.0,0.0,0.0,0.0,0.0,0.0,0.0,0.0,0.0,0.0,0.0,0.0,0.0,3.1807341462886107,6.561755653770836,9.814404515087139,12.934317049660688,15.917119932525594,18.758450640748265,21.453979846365627,23.99943565322118,26.390629519150075,28.62348364497597,30.69405954950538,32.59858748739348,34.333496307072956,35.895443291892576,37.28134348238046,38.48839794430725,39.51412042891434,40.35636187076658,41.01333218692206,41.4836188793176,41.766202000161684,41.86046511627907,41.766202000161684,41.4836188793176,41.01333218692206,40.35636187076658,39.51412042891434,38.48839794430725,37.28134348238046,35.895443291892576,34.333496307072956,32.59858748739348,30.69405954950538,28.62348364497597,26.390629519150075,23.99943565322118,21.453979846365627,18.758450640748265,15.917119932525594,12.934317049660688,9.814404515087139,6.561755653770836,3.1807341462886107,0.0,0.0,0.0,0.0,0.0,0.0,0.0,0.0,0.0,0.0,0.0,0.0,0.0,0.0,0.0,0.0,0.0,0.0,0.0,0.0,0.0,0.0,0.0,0.0,0.0,0.0,0.0,0.0,0.0,0.0,0.0,0.0,0.0
0.0,0.0,0.0,0.0,0.0,0.0,0.0,0.0,0.0,0.0,0.0,0.0,0.0,0.0,0.0,0.0,0.0,0.0,0.0,1.9533577214814735,5.650840329362972,9.227916499887812,12.680089088734864,16.002803203986705,19.19146329072407,22.241452501473745,25.148154368480817,27.906976744186075,30.513377918679527,32.962894758074825,35.2511726370659,37.37399686439011,39.32732522414781,41.10732118214689,42.71038723833802,44.13319784801514,45.372731289841965,46.426299831819776,47.29157754035114,47.96662509504502,48.449911014140255,48.74032876229152,48.83720930232557,48.74032876229152,48.449911014140255,47.96662509504502,47.29157754035114,46.426299831819776,45.372731289841965,44.13319784801514,42.71038723833802,41.10732118214689,39.32732522414781,37.37399686439011,35.2511726370659,32.962894758074825,30.513377918679527,27.906976744186075,25.148154368480817,22.241452501473745,19.19146329072407,16.002803203986705,12.680089088734864,9.227916499887812,5.650840329362972,1.9533577214814735,0.0,0.0,0.0,0.0,0.0,0.0,0.0,0.0,0.0,0.0,0.0,0.0,0.0,0.0,0.0,0.0,0.0,0.0,0.0,0.0,0.0,0.0,0.0,0.0,0.0,0.0,0.0,0.0,0.0,0.0,0.0
0.0,0.0,0.0,0.0,0.0,0.0,0.0,0.0,0.0,0.0,0.0,0.0,0.0,0.0,0.0,0.0,0.0,0.0,3.919602224330996,7.80848942271735,11.58102406612482,15.232581879648135,18.758450640748265,22.153845324559857,25.413925755984724,28.5338168603202,31.50863155962062,34.333496307072956,37.00357918645444,39.51412042891434,41.86046511627907,44.03809775101196,46.042678280912135,47.87007907545136,49.51642226488968,50.978116778026795,52.25189435491114,53.334843772134555,54.22444250499721,54.918585066274936,55.41560730756132,55.7143060463498,55.81395348837208,55.7143060463498,55.41560730756132,54.918585066274936,54.22444250499721,53.334843772134555,52.25189435491114,50.978116778026795,49.51642226488968,47.87007907545136,46.042678280912135,44.03809775101196,41.86046511627907,39.51412042891434,37.00357918645444,34.333496307072956,31.50863155962062,28.5338168603202,25.413925755984724,22.153845324559857,18.758450640748265,15.232581879648135,11.58102406612482,7.80848942271735,3.919602224330996,0.0,0.0,0.0,0.0,0.0,0.0,0.0,0.0,0.0,0.0,0.0,0.0,0.0,0.0,0.0,0.0,0.0,0.0,0.0,0.0,0.0,0.0,0.0,0.0,0.0,0.0,0.0,0.0,0.0,0.0
0.0,0.0,0.0,0.0,0.0,0.0,0.0,0.0,0.0,0.0,0.0,0.0,0.0,0.0,0.0,0.0,1.382308478613547,5.5681695905694255,9.646715627653784,13.613361603156376,17.463394446745294,21.191983218305783,24.79419176768344,28.264994035110025,31.599292162725447,34.791937552350525,37.83775495735904,40.73156963634356,43.468237523019994,46.042678280912135,48.449911014140255,50.68509229945621,52.74355609298583,54.620854952525946,56.31280190828402,57.81551221800303,59.12544416327349,60.23943798921516,61.15475206571597,61.8690953598696,62.38065535916647,62.68812067402393,62.790697674418645,62.68812067402393,62.38065535916647,61.8690953598696,61.15475206571597,60.23943798921516,59.12544416327349,57.81551221800303,56.31280190828402,54.620854952525946,52.74355609298583,50.68509229945621,48.449911014140255,46.042678280912135,43.468237523019994,40.73156963634356,37.83775495735904,34.791937552350525,31.599292162725447,28.264994035110025,24.79419176768344,21.191983218305783,17.463394446745294,13.613361603156376,9.646715627653784,5.5681695905694255,1.382308478613547,0.0,0.0,0.0,0.0,0.0,0.0,0.0,0.0,0.0,0.0,0.0,0.0,0.0,0.0,0.0,0.0,0.0,0.0,0.0,0.0,0.0,0.0,0.0,0.0,0.0,0.0,0.0,0.0
0.0,0.0,0.0,0.0,0.0,0.0,0.0,0.0,0.0,0.0,0.0,0.0,0.0,0.0,0.0,2.5255031814719775,6.893699475348766,11.159420309519282,15.318059119490739,19.364855426249793,23.29490211555431,27.103155131051935,30.784445838492037,34.333496307072956,37.74493773191858,41.01333218692206,44.13319784801514,47.09903776197409,49.90537215439646,52.54677417253675,55.01790884540316,57.31357491731044,59.428749075813975,61.358631955994376,63.0986951672142,64.64472846372556,65.99288607560341,67.13973114029811,68.08227713588846,68.81802522166194,69.34499644442039,69.66175787136034,69.76744186046514,69.66175787136034,69.34499644442039,68.81802522166194,68.08227713588846,67.13973114029811,65.99288607560341,64.64472846372556,63.0986951672142,61.358631955994376,59.428749075813975,57.31357491731044,55.01790884540316,52.54677417253675,49.90537215439646,47.09903776197409,44.13319784801514,41.01333218692206,37.74493773191858,34.333496307072956,30.784445838492037,27.103155131051935,23.29490211555431,19.364855426249793,15.318059119490739,11.159420309519282,6.893699475348766,2.5255031814719775,0.0,0.0,0.0,0.0,0.0,0.0,0.0,0.0,0.0,0.0,0.0,0.0,0.0,0.0,0.0,0.0,0.0,0.0,0.0,0.0,0.0,0.0,0.0,0.0,0.0,0.0,0.0
0.0,0.0,0.0,0.0,0.0,0.0,0.0,0.0,0.0,0.0,0.0,0.0,0.0,0.0,3.3447680167074543,7.891794202907145,12.341467980163197,16.68920226632158,20.930232558139537,25.059620996678614,29.072262712359063,32.962894758074825,36.72610794260641,40.35636187076658,43.84800347880253,47.1952893210218,50.392411813976956,53.433529575735434,56.31280190828402,59.02442736041106,61.562686177185206,63.92198629271675,66.09691235943896,68.08227713588846,69.8731743841306,71.46503226754605,72.85366610093433,74.03532919951195,75.00676051259862,75.76522772109493,76.30856453188744,76.63520101978433,76.74418604651163,76.63520101978433,76.30856453188744,75.76522772109493,75.00676051259862,74.03532919951195,72.85366610093433,71.46503226754605,69.8731743841306,68.08227713588846,66.09691235943896,63.92198629271675,61.562686177185206,59.02442736041106,56.31280190828402,53.433529575735434,50.392411813976956,47.1952893210218,43.84800347880253,40.35636187076658,36.72610794260641,32.962894758074825,29.072262712359063,25.059620996678614,20.930232558139537,16.68920226632158,12.341467980163197,7.891794202907145,3.3447680167074543,0.0,0.0,0.0,0.0,0.0,0.0,0.0,0.0,0.0,0.0,0.0,0.0,0.0,0.0,0.0,0.0,0.0,0.0,0.0,0.0,0.0,0.0,0.0,0.0,0.0,0.0
0.0,0.0,0.0,0.0,0.0,0.0,0.0,0.0,0.0,0.0,0.0,0.0,0.0,3.8374147424494427,8.559089662249908,13.188770356821395,17.721930360782665,22.153845324559857,26.47959371284663,30.69405954950538,34.791937552350525,38.767741020710865,42.61581285074351,46.330340055378954,49.90537215439646,53.334843772134555,56.61260173238501,59.73243686898753,62.68812067402393,65.47344678179148,68.08227713588846,70.50859251071827,72.74654686182795,74.790524768805,76.63520101978433,78.27560118040878,79.70716180678684,80.92578881710352,81.92791244528676,82.71053717584975,83.27128511150136,83.60843135901177,83.72093023255815,83.60843135901177,83.27128511150136,82.71053717584975,81.92791244528676,80.92578881710352,79.70716180678684,78.27560118040878,76.63520101978433,74.790524768805,72.74654686182795,70.50859251071827,68.08227713588846,65.47344678179148,62.68812067402393,59.73243686898753,56.61260173238501,53.334843772134555,49.90537215439646,46.330340055378954,42.61581285074351,38.767741020710865,34.791937552350525,30.69405954950538,26.47959371284663,22.153845324559857,17.721930360782665,13.188770356821395,8.559089662249908,3.8374147424494427,0.0,0.0,0.0,0.0,0.0,0.0,0.0,0.0,0.0,0.0,0.0,0.0,0.0,0.0,0.0,0.0,0.0,0.0,0.0,0.0,0.0,0.0,0.0,0.0,0.0
0.0,0.0,0.0,0.0,0.0,0.0,0.0,0.0,0.0,0.0,0.0,0.0,4.0018125265615,8.893310999650238,13.698355413722894,18.412519944968864,23.031164075173855,27.549429910232995,31.96224122374124,36.26430458461675,40.4501129617915,44.51395222882946,48.449911014140255,52.25189435491114,55.91364161112697,59.428749075813975,62.790697674418645,65.99288607560341,69.02866943376492,71.89140384736999,74.57449644553239,77.07146080924947,79.37597719755493,81.48195679024428,83.38360888939499,85.07550975698564,86.552671524023,87.81060940820166,88.845405342955,89.65376606956279,90.23307379014544,90.58142763064694,90.69767441860468,90.58142763064694,90.23307379014544,89.65376606956279,88.845405342955,87.81060940820166,86.552671524023,85.07550975698564,83.38360888939499,81.48195679024428,79.37597719755493,77.07146080924947,74.57449644553239,71.89140384736999,69.02866943376492,65.99288607560341,62.790697674418645,59.428749075813975,55.91364161112697,52.25189435491114,48.449911014140255,44.51395222882946,40.4501129617915,36.26430458461675,31.96224122374124,27.549429910232995,23.031164075173855,18.412519944968864,13.698355413722894,8.893310999650238,4.0018125265615,0.0,0.0,0.0,0.0,0.0,0.0,0.0,0.0,0.0,0.0,0.0,0.0,0.0,0.0,0.0,0.0,0.0,0.0,0.0,0.0,0.0,0.0,0.0,0.0
0.0,0.0,0.0,0.0,0.0,0.0,0.0,0.0,0.0,0.0,0.0,3.8374147424494427,8.893310999650238,13.868418775676123,18.758450640748265,23.558891774526273,28.264994035110025,32.8717713617212,37.37399686439011,41.766202000161684,46.042678280912135,50.19748200044432,54.22444250499721,58.11717455777142,61.8690953598696,65.47344678179148,68.92332332540659,72.21170627003008,75.33150435202859,78.27560118040878,81.03690939802023,83.60843135901177,85.98332581147024,88.1549797578282,90.11708432802806,91.86371316033073,93.38940146566253,94.68922368052802,95.75886741900773,96.59470134260577,97.19383459885623,97.55416564818265,97.67441860465114,97.55416564818265,97.19383459885623,96.59470134260577,95.75886741900773,94.68922368052802,93.38940146566253,91.86371316033073,90.11708432802806,88.1549797578282,85.98332581147024,83.60843135901177,81.03690939802023,78.27560118040878,75.33150435202859,72.21170627003008,68.92332332540659,65.47344678179148,61.8690953598696,58.11717455777142,54.22444250499721,50.19748200044432,46.042678280912135,41.766202000161684,37.37399686439011,32.8717713617212,28.264994035110025,23.558891774526273,18.758450640748265,13.868418775676123,8.893310999650238,3.8374147424494427,0.0,0.0,0.0,0.0,0.0,0.0,0.0,0.0,0.0,0.0,0.0,0.0,0.0,0.0,0.0,0.0,0.0,0.0,0.0,0.0,0.0,0.0,0.0
0.0,0.0,0.0,0.0,0.0,0.0,0.0,0.0,0.0,0.0,3.3447680167074543,8.559089662249908,13.698355413722894,18.758450640748265,23.73502502479072,28.62348364497597,33.41897895986791,38.11640401223081,42.71038723833802,47.1952893210218,51.565202584676406,55.81395348837208,59.9351088267174,63.92198629271675,67.76767008707112,71.46503226754605,75.00676051259862,78.38539291718246,81.59336033722983,84.6230366451191,87.46679704565841,90.11708432802806,92.5664825955557,94.80779762996177,96.83414262472976,98.63902758611428,100.21645027986486,101.56098623263406,102.6678750177077,103.53309990238986,104.15345794021114,104.5266177750432,104.65116279069768,104.5266177750432,104.15345794021114,103.53309990238986,102.6678750177077,101.56098623263406,100.21645027986486,98.63902758611428,96.83414262472976,94.80779762996177,92.5664825955557,90.11708432802806,87.46679704565841,84.6230366451191,81.59336033722983,78.38539291718246,75.00676051259862,71.46503226754605,67.76767008707112,63.92198629271675,59.9351088267174,55.81395348837208,51.565202584676406,47.1952893210218,42.71038723833802,38.11640401223081,33.41897895986791,28.62348364497597,23.73502502479072,18.758450640748265,13.698355413722894,8.559089662249908,3.3447680167074543,0.0,0.0,0.0,0.0,0.0,0.0,0.0,0.0,0.0,0.0,0.0,0.0,0.0,0.0,0.0,0.0,0.0,0.0,0.0,0.0,0.0,0.0
0.0,0.0,0.0,0.0,0.0,0.0,0.0,0.0,0.0,2.5255031814719775,7.891794202907145,13.188770356821395,18.412519944968864,23.558891774526273,28.62348364497597,33.601631273905326,38.48839794430725,43.2785652143149,47.96662509504502,52.54677417253675,57.012910224167435,61.358631955994376,65.57724256170079,69.66175787136034,73.60491991272625,77.39921674124903,81.03690939802023,84.51006681655116,87.81060940820166,90.93036190086005,93.86111577636059,96.59470134260577,99.1230690852842,101.43837947779949,103.53309990238986,105.40010677700442,107.03279042875351,108.42515975238167,109.57194329363463,110.46868315526332,111.11181808352256,111.4987522868889,111.62790697674416,111.4987522868889,111.11181808352256,110.46868315526332,109.57194329363463,108.42515975238167,107.03279042875351,105.40010677700442,103.53309990238986,101.43837947779949,99.1230690852842,96.59470134260577,93.86111577636059,90.93036190086005,87.81060940820166,84.51006681655116,81.03690939802023,77.39921674124903,73.60491991272625,69.66175787136034,65.57724256170079,61.358631955994376,57.012910224167435,52.54677417253675,47.96662509504502,43.2785652143149,38.48839794430725,33.601631273905326,28.62348364497597,23.558891774526273,18.412519944968864,13.188770356821395,7.891794202907145,2.5255031814719775,0.0,0.0,0.0,0.0,0.0,0.0,0.0,0.0,0.0,0.0,0.0,0.0,0.0,0.0,0.0,0.0,0.0,0.0,0.0,0.0,0.0
0.0,0.0,0.0,0.0,0.0,0.0,0.0,0.0,1.382308478613547,6.893699475348766,12.341467980163197,17.721930360782665,23.031164075173855,28.264994035110025,33.41897895986791,38.48839794430725,43.468237523019994,48.35317957853817,53.13759051691907,57.81551221800303,62.38065535916647,66.82639580834787,71.14577488106893,75.33150435202859,79.37597719755493,83.27128511150136,87.00924387245936,90.58142763064694,93.97921311302238,97.19383459885623,100.21645027986486,103.03822027684042,105.65039613231455,108.04442103910324,110.21203941299376,112.14541370461035,113.83724561684183,115.28089821106427,116.47051481908044,117.40113030275722,118.06877008736791,118.47053258710196,118.60465116279072,118.47053258710196,118.06877008736791,117.40113030275722,116.47051481908044,115.28089821106427,113.83724561684183,112.14541370461035,110.21203941299376,108.04442103910324,105.65039613231455,103.03822027684042,100.21645027986486,97.19383459885623,93.97921311302238,90.58142763064694,87.00924387245936,83.27128511150136,79.37597719755493,75.33150435202859,71.14577488106893,66.82639580834787,62.38065535916647,57.81551221800303,53.13759051691907,48.35317957853817,43.468237523019994,38.48839794430725,33.41897895986791,28.264994035110025,23.031164075173855,17.721930360782665,12.341467980163197,6.893699475348766,1.382308478613547,0.0,0.0,0.0,0.0,0.0,0.0,0.0,0.0,0.0,0.0,0.0,0.0,0.0,0.0,0.0,0.0,0.0,0.0,0.0,0.0
0.0,0.0,0.0,0.0,0.0,0.0,0.0,0.0,5.5681695905694255,11.159420309519282,16.68920226632158,22.153845324559857,27.549429910232995,32.8717713617212,38.11640401223081,43.2785652143149,48.35317957853817,53.334843772134555,58.217812309347146,62.99598486330652,67.66289573934819,72.21170627003008,76.63520101978433,80.92578881710352,85.07550975698564,89.07604942561427,92.918761679221,96.59470134260577,100.09466815961302,103.40926320550643,106.52895873680869,109.44418208724187,112.14541370461035,114.6232987592592,116.86877095246476,118.87318624538834,120.62846327187287,122.1272262700191,123.36294556503958,124.33007006491856,125.02414599091458,125.44191623446322,125.58139534883715,125.44191623446322,125.02414599091458,124.33007006491856,123.36294556503958,122.1272262700191,120.62846327187287,118.87318624538834,116.86877095246476,114.6232987592592,112.14541370461035,109.44418208724187,106.52895873680869,103.40926320550643,100.09466815961302,96.59470134260577,92.918761679221,89.07604942561427,85.07550975698564,80.92578881710352,76.63520101978433,72.21170627003008,67.66289573934819,62.99598486330652,58.217812309347146,53.334843772134555,48.35317957853817,43.2785652143149,38.11640401223081,32.8717713617212,27.549429910232995,22.153845324559857,16.68920226632158,11.159420309519282,5.5681695905694255,0.0,0.0,0.0,0.0,0.0,0.0,0.0,0.0,0.0,0.0,0.0,0.0,0.0,0.0,0.0,0.0,0.0,0.0,0.0,0.0
0.0,0.0,0.0,0.0,0.0,0.0,0.0,3.919602224330996,9.646715627653784,15.318059119490739,20.930232558139537,26.47959371284663,31.96224122374124,37.37399686439011,42.71038723833802,47.96662509504502,53.13759051691907,58.217812309347146,63.20145002124919,68.08227713588846,72.85366610093433,77.50857601253057,82.03954392818643,86.43868095329347,90.69767441860468,94.80779762996177,98.75992881131222,102.54458095695476,106.15194433325854,109.57194329363463,112.79430886048267,115.80866815194298,118.60465116279072,121.17201463288893,123.50078175804387,125.58139534883715,127.40488078809788,128.96301387723818,130.24848752656135,131.25507038444906,131.97775006336335,132.41285372840488,132.55813953488374,132.3159693809699,131.97775006336335,131.25507038444906,130.24848752656135,128.96301387723818,127.40488078809788,125.58139534883715,123.50078175804387,121.17201463288893,118.60465116279072,115.80866815194298,112.79430886048267,109.57194329363463,106.15194433325854,102.54458095695476,98.75992881131222,94.80779762996177,90.69767441860468,86.43868095329347,82.03954392818643,77.50857601253057,72.85366610093433,68.08227713588846,63.20145002124919,58.217812309347146,53.13759051691907,47.96662509504502,42.71038723833802,37.37399686439011,31.96224122374124,26.47959371284663,20.930232558139537,15.318059119490739,9.646715627653784,3.919602224330996,0.0,0.0,0.0,0.0,0.0,0.0,0.0,0.0,0.0,0.0,0.0,0.0,0.0,0.0,0.0,0.0,0.0,0.0,0.0
0.0,0.0,0.0,0.0,0.0,0.0,1.9533577214814735,7.80848942271735,13.613361603156376,19.364855426249793,25.059620996678614,30.69405954950538,36.26430458461675,41.766202000161684,47.1952893210218,52.54677417253675,57.81551221800303,62.99598486330652,68.08227713588846,73.06805627036385,77.94655168130862,82.71053717584975,87.35231645402554,91.86371316033073,96.23606697892694,100.46023749662659,104.5266177750432,108.42515975238167,112.14541370461035,115.67658399595949,119.00760319433232,122.1272262700191,125.02414599091458,127.68712974099812,130.10517681089416,132.26769376505155,134.06679960715485,135.68808516182514,137.02658697433802,138.07529265519818,138.82854555840103,139.28219173325112,139.4336919210596,139.28219173325112,138.82854555840106,138.07529265519818,137.02658697433802,135.68808516182514,134.0667996071548,132.1709250761013,130.0096482925968,127.68712974099812,125.02414599091458,122.1272262700191,119.00760319433232,115.67658399595949,112.14541370461035,108.42515975238167,104.5266177750432,100.46023749662659,96.23606697892694,91.86371316033073,87.35231645402554,82.71053717584975,77.94655168130862,73.06805627036385,68.08227713588846,62.99598486330652,57.81551221800303,52.54677417253675,47.1952893210218,41.766202000161684,36.26430458461675,30.69405954950538,25.059620996678614,19.364855426249793,13.613361603156376,7.80848942271735,1.9533577214814735,0.0,0.0,0.0,0.0,0.0,0.0,0.0,0.0,0.0,0.0,0.0,0.0,0.0,0.0,0.0,0.0,0.0,0.0
0.0,0.0,0.0,0.0,0.0,0.0,5.650840329362972,11.58102406612482,17.463394446745294,23.29490211555431,29.072262712359063,34.791937552350525,40.4501129617915,46.042678280912135,51.565202584676406,57.012910224167435,62.38065535916647,67.66289573934819,72.85366610093433,77.94655168130862,82.93466251947845,87.81060940820166,92.5664825955557,97.19383459885623,101.68366878764799,106.02643570523932,110.21203941299376,114.22985643217194,118.06877008736791,121.71722317422363,125.1632918212791,128.3947831221092,131.39935850798273,134.06682690705622,136.57923319514336,138.82858142632503,140.80372105213576,142.49433638660423,143.89118372115956,144.98632184272975,145.77332394169937,146.24745863647252,146.40582875408282,146.24745863647252,145.77332394169937,144.98632184272975,143.89118372115954,142.49433638660423,140.80372105213576,138.82858142632503,136.57923319514336,134.06682690705622,131.30311504405958,128.3002321578064,125.1632918212791,121.71722317422363,118.06877008736791,114.22985643217194,110.21203941299376,106.02643570523932,101.68366878764799,97.19383459885623,92.5664825955557,87.81060940820166,82.93466251947845,77.94655168130862,72.85366610093433,67.66289573934819,62.38065535916647,57.012910224167435,51.565202584676406,46.042678280912135,40.4501129617915,34.791937552350525,29.072262712359063,23.29490211555431,17.463394446745294,11.58102406612482,5.650840329362972,0.0,0.0,0.0,0.0,0.0,0.0,0.0,0.0,0.0,0.0,0.0,0.0,0.0,0.0,0.0,0.0,0.0,0.0
0.0,0.0,0.0,0.0,0.0,3.1807341462886107,9.227916499887812,15.232581879648135,21.191983218305783,27.103155131051935,32.962894758074825,38.767741020710865,44.51395222882946,50.19748200044432,55.81395348837208,61.358631955994376,66.82639580834787,72.21170627003008,77.50857601253057,82.71053717584975,87.81060940820166,92.80126876859302,97.67441860465114,102.42136383479588,107.03279042875351,111.4987522868889,115.80866815194298,119.95133162003809,123.91493770989824,127.68712974099812,131.25507038444906,134.50744281104113,137.6250775641401,140.49829248783178,143.1136583316976,145.45808389558675,147.5190718691165,149.28499460324454,150.74537911852963,151.8911878255241,152.71507943337394,153.21163382324033,153.37752560980672,153.21163382324033,152.71507943337394,151.8911878255241,150.74537911852963,149.28499460324454,147.51907186911646,145.45808389558675,143.1136583316976,140.49829248783178,137.62507756414013,134.5074428110411,131.15892714347655,127.59298262817254,123.91493770989824,119.95133162003809,115.80866815194298,111.4987522868889,107.03279042875351,102.42136383479588,97.67441860465114,92.80126876859302,87.81060940820166,82.71053717584975,77.50857601253057,72.21170627003008,66.82639580834787,61.358631955994376,55.81395348837208,50.19748200044432,44.51395222882946,38.767741020710865,32.962894758074825,27.103155131051935,21.191983218305783,15.232581879648135,9.227916499887812,3.1807341462886107,0.0,0.0,0.0,0.0,0.0,0.0,0.0,0.0,0.0,0.0,0.0,0.0,0.0,0.0,0.0,0.0,0.0
0.0,0.0,0.0,0.0,0.40589925231783175,6.561755653770836,12.680089088734864,18.758450640748265,24.79419176768344,30.784445838492037,36.72610794260641,42.61581285074351,48.449911014140255,54.22444250499721,59.9351088267174,65.57724256170079,71.14577488106893,76.63520101978433,82.03954392818643,87.35231645402554,92.5664825955557,97.67441860465114,102.6678750177077,107.53794105859923,112.27501329664591,116.86877095246476,121.30816081582742,125.58139534883715,129.67596815255297,133.57869150869905,137.17606534685268,140.65097293820537,143.89125070552274,146.88200232762787,149.60834075777942,152.05564775611097,154.20987134794885,156.05785292404317,157.5876712321125,158.78898631031882,159.65336320425743,160.17455383481905,160.34871623787615,160.174553834819,159.65336320425746,158.78898631031882,157.58767123211248,156.05785292404317,154.20987134794885,152.055647756111,149.60834075777942,146.8820023276279,143.89125070552274,140.65097293820537,137.1760653468527,133.48121604550306,129.5807301567998,125.58139534883715,121.30816081582742,116.86877095246476,112.27501329664591,107.53794105859923,102.6678750177077,97.67441860465114,92.5664825955557,87.35231645402554,82.03954392818643,76.63520101978433,71.14577488106893,65.57724256170079,59.9351088267174,54.22444250499721,48.449911014140255,42.61581285074351,36.72610794260641,30.784445838492037,24.79419176768344,18.758450640748265,12.680089088734864,6.561755653770836,0.40589925231783175,0.0,0.0,0.0,0.0,0.0,0.0,0.0,0.0,0.0,0.0,0.0,0.0,0.0,0.0,0.0,0.0
0.0,0.0,0.0,0.0,3.5909890290976594,9.814404515087139,16.002803203986705,22.153845324559857,28.264994035110025,34.333496307072956,40.35636187076658,46.330340055378954,52.25189435491114,58.11717455777142,63.92198629271675,69.66175787136034,75.33150435202859,80.92578881710352,86.43868095329347,91.86371316033073,97.19383459885623,102.42136383479588,107.53794105859923,112.5344812668223,117.40113030275722,122.1272262700191,126.70126955756899,131.11090553148554,135.2444138459126,139.28229416771956,143.11370598555388,146.72316524975122,150.0946383100778,153.2117258842152,156.05790097180756,158.61680191334662,160.8725774447205,162.8102750723617,164.4162578283927,165.67862824055302,166.58763323717574,167.13602088734837,167.31932036858734,167.13602088734837,166.58763323717574,165.678628240553,164.4162578283927,162.8102750723617,160.87257744472052,158.61680191334662,156.05790097180756,153.2117258842152,150.0946383100778,146.7231652497512,143.11370598555388,139.28229416771956,135.2444138459126,131.01486520816522,126.60767397157981,122.1272262700191,117.40113030275722,112.5344812668223,107.53794105859923,102.42136383479588,97.19383459885623,91.86371316033073,86.43868095329347,80.92578881710352,75.33150435202859,69.66175787136034,63.92198629271675,58.11717455777142,52.25189435491114,46.330340055378954,40.35636187076658,34.333496307072956,28.264994035110025,22.153845324559857,16.002803203986705,9.814404515087139,3.5909890290976594,0.0,0.0,0.0,0.0,0.0,0.0,0.0,0.0,0.0,0.0,0.0,0.0,0.0,0.0,0.0,0.0
0.0,0.0,0.0,0.3246754197972823,6.64470639587945,12.934317049660688,19.19146329072407,25.413925755984724,31.599292162725447,37.74493773191858,43.84800347880253,49.90537215439646,55.91364161112697,61.8690953598696,67.76767008707112,73.60491991272625,79.37597719755493,85.07550975698564,90.69767441860468,96.23606697892694,101.68366878764799,107.03279042875351,112.27501329664591,117.40113030275722,122.40108751593688,127.26392925851235,131.97775006336335,136.43043844714722,140.8038044762485,144.9864317982149,148.9624730763499,152.71519631493595,156.22711325518006,159.48016773689267,162.45599161354315,165.13623247966453,167.50295218230733,169.5390878473371,171.22895841268866,172.55879044670874,173.5172289090495,174.09579336966812,174.28923979273367,174.09579336966812,173.5172289090495,172.55879044670874,171.22895841268866,169.5390878473371,167.5029521823073,165.1362324796645,162.45599161354315,159.48016773689267,156.22711325518003,152.71519631493595,148.96247307634994,144.9864317982149,140.8038044762485,136.43043844714722,131.88121872261502,127.17003144621906,122.40108751593688,117.40113030275722,112.27501329664591,107.03279042875351,101.68366878764799,96.23606697892694,90.69767441860468,85.07550975698564,79.37597719755493,73.60491991272625,67.76767008707112,61.8690953598696,55.91364161112697,49.90537215439646,43.84800347880253,37.74493773191858,31.599292162725447,25.413925755984724,19.19146329072407,12.934317049660688,6.64470639587945,0.3246754197972823,0.0,0.0,0.0,0.0,0.0,0.0,0.0,0.0,0.0,0.0,0.0,0.0,0.0,0.0,0.0
0.0,0.0,0.0,3.1807341462886107,9.562907490716533,15.917119932525594,22.241452501473745,28.5338168603202,34.791937552350525,41.01333218692206,47.1952893210218,53.334843772134555,59.428749075813975,65.47344678179148,71.46503226754605,77.39921674124903,83.27128511150136,89.07604942561427,94.80779762996177,100.46023749662659,106.02643570523932,111.4987522868889,116.86877095246476,122.1272262700191,127.26392925851235,132.26769376505155,137.02668762280453,141.72373161775235,146.24758837520667,150.58252606917705,154.71163304049807,158.61687376056966,162.27920251220803,165.67874827061632,168.79508319011404,171.6075837954551,174.09588782527487,176.24044039087318,178.02311104229864,179.42784973352605,180.4413368098839,181.05357300261758,181.25835304631357,181.05357300261755,180.4413368098839,179.42784973352602,178.02311104229864,176.24044039087315,174.09588782527487,171.6075837954551,168.795083190114,165.67874827061632,162.279202512208,158.61687376056966,154.71163304049807,150.58252606917708,146.2475883752067,141.72373161775235,137.02668762280453,132.17099710971175,127.17003144621906,122.1272262700191,116.86877095246476,111.4987522868889,106.02643570523932,100.46023749662659,94.80779762996177,89.07604942561427,83.27128511150136,77.39921674124903,71.46503226754605,65.47344678179148,59.428749075813975,53.334843772134555,47.1952893210218,41.01333218692206,34.791937552350525,28.5338168603202,22.241452501473745,15.917119932525594,9.562907490716533,3.1807341462886107,0.0,0.0,0.0,0.0,0.0,0.0,0.0,0.0,0.0,0.0,0.0,0.0,0.0,0.0,0.0
0.0,0.0,0.0,5.898991976400123,12.341467980163197,18.758450640748265,25.148154368480817,31.50863155962062,37.83775495735904,44.13319784801514,50.392411813976956,56.61260173238501,62.790697674418645,68.92332332540659,75.00676051259862,81.03690939802023,87.00924387245936,92.918761679221,98.75992881131222,104.5266177750432,110.21203941299376,115.80866815194298,121.30816081582742,126.70126955756899,131.97775006336335,137.0266876228045,142.03156456777924,146.8820622561604,151.56304545684887,156.05797489373543,160.34888333691003,164.41639834749228,168.23982878322118,171.7973340234911,175.06619503130435,178.02320371931566,180.6451804528837,182.90961802603596,184.79543403444558,186.2837936050728,187.35894407726113,188.00898720788913,188.22650808344076,188.0089872078891,187.3589440772611,186.2837936050728,184.79543403444555,182.909618026036,180.6451804528837,178.02320371931566,175.06619503130435,171.7973340234911,168.23982878322116,164.41639834749228,160.34888333691003,156.05797489373543,151.56304545684887,146.88206225616037,142.03156456777924,137.02668762280453,131.88121872261502,126.60767397157981,121.30816081582742,115.80866815194298,110.21203941299376,104.5266177750432,98.75992881131222,92.918761679221,87.00924387245936,81.03690939802023,75.00676051259862,68.92332332540659,62.790697674418645,56.61260173238501,50.392411813976956,44.13319784801514,37.83775495735904,31.50863155962062,25.148154368480817,18.758450640748265,12.341467980163197,5.898991976400123,0.0,0.0,0.0,0.0,0.0,0.0,0.0,0.0,0.0,0.0,0.0,0.0,0.0,0.0,0.0
0.0,0.0,1.9533577214814735,8.475594198471924,14.976303965365172,21.453979846365627,27.906976744186075,34.333496307072956,40.73156963634356,47.09903776197409,53.433529575735434,59.73243686898753,65.99288607560341,72.21170627003008,78.38539291718246,84.51006681655116,90.58142763064694,96.59470134260577,102.54458095695476,108.42515975238167,114.22985643217194,119.95133162003809,125.58139534883715,131.11090553148554,136.4304384471472,141.72373161775235,146.8820622561604,151.89132789611097,156.7358909030798,161.39847891614693,165.86011390523615,170.10008705902837,174.09600117884958,177.82390627563666,181.25855649207077,184.3738156304805,187.14323241667805,189.54079320662117,191.54183810864595,193.1240974820188,194.26877361335153,194.9615644661844,195.19351198779455,194.9615644661844,194.26877361335153,193.1240974820188,191.54183810864595,189.5407932066212,187.14323241667802,184.37381563048055,181.2585564920708,177.82390627563666,174.09600117884955,170.10008705902837,165.86011390523612,161.39847891614693,156.7358909030798,151.89132789611097,146.88206225616037,141.72373161775235,136.43043844714722,131.0148652081652,125.48839574539261,119.95133162003809,114.22985643217194,108.42515975238167,102.54458095695476,96.59470134260577,90.58142763064694,84.51006681655116,78.38539291718246,72.21170627003008,65.99288607560341,59.73243686898753,53.433529575735434,47.09903776197409,40.73156963634356,34.333496307072956,27.906976744186075,21.453979846365627,14.976303965365172,8.475594198471924,1.9533577214814735,0.0,0.0,0.0,0.0,0.0,0.0,0.0,0.0,0.0,0.0,0.0,0.0,0.0,0.0
0.0,0.0,4.330882319761509,10.906753184641962,17.463394446745294,23.99943565322118,30.513377918679527,37.00357918645444,43.468237523019994,49.90537215439646,56.31280190828402,62.68812067402393,69.02866943376492,75.33150435202859,81.59336033722983,87.81060940820166,93.97921311302238,100.09466815961302,106.15194433325854,112.14541370461035,118.06877008736791,123.91493770989824,129.67596815255297,135.2444138459126,140.8038044762485,146.2475883752067,151.56304545684887,156.7358909030798,161.75011510955008,166.587831051969,171.22914280237194,175.65205470036443,179.83244747351742,183.744154759842,187.3591796577359,190.64809381747494,193.58065792113877,196.12668836797775,198.2571674596263,199.94555297375507,201.16919246767765,201.91069918719785,202.15911622264133,201.91069918719785,201.16919246767765,199.94555297375507,198.2571674596263,196.12668836797778,193.58065792113874,190.64809381747494,187.3591796577359,183.74415475984202,179.83244747351742,175.6520547003644,171.22914280237194,166.587831051969,161.75011510955008,156.7358909030798,151.56304545684887,146.2475883752067,140.8038044762485,135.2444138459126,129.5807301567998,123.82281153053188,118.06877008736791,112.14541370461035,106.15194433325854,100.09466815961302,93.97921311302238,87.81060940820166,81.59336033722983,75.33150435202859,69.02866943376492,62.68812067402393,56.31280190828402,49.90537215439646,43.468237523019994,37.00357918645444,30.513377918679527,23.99943565322118,17.463394446745294,10.906753184641962,4.330882319761509,0.0,0.0,0.0,0.0,0.0,0.0,0.0,0.0,0.0,0.0,0.0,0.0,0.0,0.0
0.0,0.0,6.561755653770836,13.188770356821395,19.79880519037391,26.390629519150075,32.962894758074825,39.51412042891434,46.042678280912135,52.54677417253675,59.02442736041106,65.47344678179148,71.89140384736999,78.27560118040878,84.6230366451191,90.93036190086005,97.19383459885623,103.40926320550643,109.57194329363463,115.67658399595949,121.71722317422363,127.68712974099812,133.48121604550306,139.28229416771956,144.9864317982149,150.58252606917708,156.0579748937354,161.39847891614693,166.58783105196895,171.60770144440616,176.43743104561617,181.05385441429206,185.43118185466557,189.54098236308738,193.35232070461726,196.8321115092159,199.9457557700099,202.65811388180197,204.93483724284627,206.74402321355117,208.05807956328314,208.8556004968147,209.122994981681,208.85560049681465,208.05807956328314,206.74402321355117,204.9348372428463,202.65811388180194,199.94575577000987,196.8321115092159,193.35232070461726,189.54098236308744,185.4311818546656,181.05385441429206,176.43743104561617,171.60770144440616,166.587831051969,161.39847891614693,156.0579748937354,150.58252606917708,144.9864317982149,139.28229416771956,133.48121604550306,127.59298262817252,121.62622486812424,115.67658399595949,109.57194329363463,103.40926320550643,97.19383459885623,90.93036190086005,84.6230366451191,78.27560118040878,71.89140384736999,65.47344678179148,59.02442736041106,52.54677417253675,46.042678280912135,39.51412042891434,32.962894758074825,26.390629519150075,19.79880519037391,13.188770356821395,6.561755653770836,0.0,0.0,0.0,0.0,0.0,0.0,0.0,0.0,0.0,0.0,0.0,0.0,0.0,0.0
