0.0,0.0,0.0,0.0,0.0,0.0,0.0,0.0,0.0,0.0,0.0,0.0,0.0,0.0,0.0,0.0,0.0,0.0,0.0,0.0,0.0,0.0,0.0,0.0,0.0,0.0,0.0,0.0,0.0,0.0,0.0,0.0,0.0,0.0,0.0,0.0,0.0,0.0,0.0,0.0,0.0,0.0,0.0,0.0,0.0,0.0,0.0,0.0,0.0,0.0,0.0,0.0,0.0,0.0,0.0,0.0,0.0,0.0,0.0,0.0,0.0,0.0,0.0,0.0,0.0,0.0,0.0,0.0,0.0,0.0,0.0,0.0,0.0,0.0,0.0,0.0,0.0,0.0,0.0,0.0,0.0,0.0,0.0,0.0,0.0,0.0,0.0,0.0,0.0,0.0,0.0,0.0,0.0,0.0,0.0,0.0,0.0
0.0,0.0,0.0,0.0,0.0,0.0,0.0,0.0,0.0,0.0,0.0,0.0,0.0,0.0,0.0,0.0,0.0,0.0,0.0,0.0,0.0,0.0,0.0,0.0,0.0,0.0,0.0,0.0,0.0,0.0,0.0,0.0,0.0,0.0,0.0,0.0,0.0,0.0,0.0,0.0,0.0,0.0,0.0,0.0,0.0,0.0,0.0,0.0,0.0,0.0,0.0,0.0,0.0,0.0,0.0,0.0,0.0,0.0,0.0,0.0,0.0,0.0,0.0,0.0,0.0,0.0,0.0,0.0,0.0,0.0,0.0,0.0,0.0,0.0,0.0,0.0,0.0,0.0,0.0,0.0,0.0,0.0,0.0,0.0,0.0,0.0,0.0,0.0,0.0,0.0,0.0,0.0,0.0,0.0,0.0,0.0,0.0
0.0,0.0,0.0,0.0,0.0,0.0,0.0,0.0,0.0,0.0,0.0,0.0,0.0,0.0,0.0,0.0,0.0,0.0,0.0,0.0,0.0,0.0,0.0,0.0,0.0,0.0,0.0,0.0,0.0,0.0,0.0,0.0,0.0,0.0,0.0,0.0,0.0,0.0,0.0,0.0,0.0,0.0,0.0,0.0,0.0,0.0,0.0,0.0,0.0,0.0,0.0,0.0,0.0,0.0,0.0,0.0,0.0,0.0,0.0,0.0,0.0,0.0,0.0,0.0,0.0,0.0,0.0,0.0,0.0,0.0,0.0,0.0,0.0,0.0,0.0,0.0,0.0,0.0,0.0,0.0,0.0,0.0,0.0,0.0,0.0,0.0,0.0,0.0,0.0,0.0,0.0,0.0,0.0,0.0,0.0,0.0,0.0
0.0,0.0,0.0,0.0,0.0,0.0,0.0,0.0,0.0,0.0,0.0,0.0,0.0,0.0,0.0,0.0,0.0,0.0,0.0,0.0,0.0,0.0,0.0,0.0,0.0,0.0,0.0,0.0,0.0,0.0,0.0,0.0,0.0,0.0,0.0,0.0,0.0,0.0,0.0,0.0,0.0,0.0,0.0,0.0,0.0,0.0,0.0,0.0,0.0,0.0,0.0,0.0,0.0,0.0,0.0,0.0,0.0,0.0,0.0,0.0,0.0,0.0,0.0,0.0,0.0,0.0,0.0,0.0,0.0,0.0,0.0,0.0,0.0,0.0,0.0,0.0,0.0,0.0,0.0,0.0,0.0,0.0,0.0,0.0,0.0,0.0,0.0,0.0,0.0,0.0,0.0,0.0,0.0,0.0,0.0,0.0,0.0
0.0,0.0,0.0,0.0,0.0,0.0,0.0,0.0,0.0,0.0,0.0,0.0,0.0,0.0,0.0,0.0,0.0,0.0,0.0,0.0,0.0,0.0,0.0,0.0,0.0,0.0,0.0,0.0,0.0,0.0,0.0,0.0,0.0,0.0,0.0,0.0,0.0,0.0,0.0,0.0,0.0,0.0,0.0,0.0,0.0,0.0,0.0,0.0,0.0,0.0,0.0,0.0,0.0,0.0,0.0,0.0,0.0,0.0,0.0,0.0,0.0,0.0,0.0,0.0,0.0,0.0,0.0,0.0,0.0,0.0,0.0,0.0,0.0,0.0,0.0,0.0,0.0,0.0,0.0,0.0,0.0,0.0,0.0,0.0,0.0,0.0,0.0,0.0,0.0,0.0,0.0,0.0,0.0,0.0,0.0,0.0,0.0
0.0,0.0,0.0,0.0,0.0,0.0,0.0,0.0,0.0,0.0,0.0,0.0,0.0,0.0,0.0,0.0,0.0,0.0,0.0,0.0,0.0,0.0,0.0,0.0,0.0,0.0,0.0,0.0,0.0,0.0,0.0,0.0,0.0,0.0,0.0,0.0,0.0,0.0,0.0,0.0,0.0,0.0,0.0,0.0,0.0,0.0,0.0,0.0,0.0,0.0,0.0,0.0,0.0,0.0,0.0,0.0,0.0,0.0,0.0,0.0,0.0,0.0,0.0,0.0,0.0,0.0,0.0,0.0,0.0,0.0,0.0,0.0,0.0,0.0,0.0,0.0,0.0,0.0,0.0,0.0,0.0,0.0,0.0,0.0,0.0,0.0,0.0,0.0,0.0,0.0,0.0,0.0,0.0,0.0,0.0,0.0,0.0
0.0,0.0,0.0,0.0,0.0,0.0,0.0,0.0,0.0,0.0,0.0,0.0,0.0,0.0,0.0,0.0,0.0,0.0,0.0,0.0,0.0,0.0,0.0,0.0,0.0,0.0,0.0,0.0,0.0,0.0,0.0,0.0,0.0,0.0,0.0,0.0,0.0,0.0,0.0,0.0,0.0,0.0,0.0,0.0,0.0,0.0,0.0,0.0,0.0,0.0,0.0,0.0,0.0,0.0,0.0,0.0,0.0,0.0,0.0,0.0,0.0,0.0,0.0,0.0,0.0,0.0,0.0,0.0,0.0,0.0,0.0,0.0,0.0,0.0,0.0,0.0,0.0,0.0,0.0,0.0,0.0,0.0,0.0,0.0,0.0,0.0,0.0,0.0,0.0,0.0,0.0,0.0,0.0,0.0,0.0,0.0,0.0
0.0,0.0,0.0,0.0,0.0,0.0,0.0,0.0,0.0,0.0,0.0,0.0,0.0,0.0,0.0,0.0,0.0,0.0,0.0,0.0,0.0,0.0,0.0,0.0,0.0,0.0,0.0,0.0,0.0,0.0,0.0,0.0,0.0,0.0,0.0,0.0,0.0,0.0,0.0,0.0,0.0,0.0,0.0,0.0,0.0,0.0,0.0,0.0,0.0,0.0,0.0,0.0,0.0,0.0,0.0,0.0,0.0,0.0,0.0,0.0,0.0,0.0,0.0,0.0,0.0,0.0,0.0,0.0,0.0,0.0,0.0,0.0,0.0,0.0,0.0,0.0,0.0,0.0,0.0,0.0,0.0,0.0,0.0,0.0,0.0,0.0,0.0,0.0,0.0,0.0,0.0,0.0,0.0,0.0,0.0,0.0,0.0
0.0,0.0,0.0,0.0,0.0,0.0,0.0,0.0,0.0,0.0,0.0,0.0,0.0,0.0,0.0,0.0,0.0,0.0,0.0,0.0,0.0,0.0,0.0,0.0,0.0,0.26646942811610286,2.0082443236277348,3.4954783756343795,4.721692137616194,5.681377218265311,6.370114098676793,6.784670724967325,6.92307692307692,6.784670724967325,6.370114098676793,5.681377218265311,4.721692137616194,3.4954783756343795,2.0082443236277348,0.26646942811610286,0.0,0.0,0.0,0.0,0.0,0.0,0.0,0.0,0.0,0.0,0.0,0.0,0.0,0.0,0.0,0.0,0.0,0.0,0.0,0.0,0.0,0.0,0.0,0.0,0.0,0.0,0.0,0.0,0.0,0.0,0.0,0.0,0.0,0.0,0.0,0.0,0.0,0.0,0.0,0.0,0.0,0.0,0.0,0.0,0.0,0.0,0.0,0.0,0.0,0.0,0.0,0.0,0.0,0.0,0.0,0.0,0.0
0.0,0.0,0.0,0.0,0.0,0.0,0.0,0.0,0.0,0.0,0.0,0.0,0.0,0.0,0.0,0.0,0.0,0.0,0.0,0.0,0.0,0.0,0.0,2.547614520328203,4.858468052212818,6.92307692307692,8.732535551266425,10.278683001259436,11.554268391741628,12.553108304568601,13.270228909029754,13.701985622801807,13.84615384615384,13.701985622801807,13.270228909029754,12.553108304568601,11.554268391741628,10.278683001259436,8.732535551266425,6.92307692307692,4.858468052212818,2.547614520328203,0.0,0.0,0.0,0.0,0.0,0.0,0.0,0.0,0.0,0.0,0.0,0.0,0.0,0.0,0.0,0.0,0.0,0.0,0.0,0.0,0.0,0.0,0.0,0.0,0.0,0.0,0.0,0.0,0.0,0.0,0.0,0.0,0.0,0.0,0.0,0.0,0.0,0.0,0.0,0.0,0.0,0.0,0.0,0.0,0.0,0.0,0.0,0.0,0.0,0.0,0.0,0.0,0.0,0.0,0.0
0.0,0.0,0.0,0.0,0.0,0.0,0.0,0.0,0.0,0.0,0.0,0.0,0.0,0.0,0.0,0.0,0.0,0.0,0.0,0.0,0.3998524005298165,3.4954783756343795,6.370114098676793,9.012613358375058,11.412060066194941,13.557942274551136,15.440340129165502,17.05012205621788,18.379141893294197,19.420428395863368,20.168357806866524,20.618800155396855,20.769230769230774,20.618800155396855,20.168357806866524,19.420428395863368,18.379141893294197,17.05012205621788,15.440340129165502,13.557942274551136,11.412060066194941,9.012613358375058,6.370114098676793,3.4954783756343795,0.3998524005298165,0.0,0.0,0.0,0.0,0.0,0.0,0.0,0.0,0.0,0.0,0.0,0.0,0.0,0.0,0.0,0.0,0.0,0.0,0.0,0.0,0.0,0.0,0.0,0.0,0.0,0.0,0.0,0.0,0.0,0.0,0.0,0.0,0.0,0.0,0.0,0.0,0.0,0.0,0.0,0.0,0.0,0.0,0.0,0.0,0.0,0.0,0.0,0.0,0.0,0.0,0.0,0.0
0.0,0.0,0.0,0.0,0.0,0.0,0.0,0.0,0.0,0.0,0.0,0.0,0.0,0.0,0.0,0.0,0.0,0.0,0.0,3.088629149806558,6.508189576499986,9.71482325193909,12.69628651945976,15.440340129165502,17.93492431311287,20.168357806866524,22.129556524734742,23.80826530137492,25.195293865399154,26.282746307253333,27.06423206971486,27.53504622314834,27.69230769230769,27.53504622314834,27.06423206971486,26.282746307253333,25.195293865399154,23.80826530137492,22.129556524734742,20.168357806866524,17.93492431311287,15.440340129165502,12.69628651945976,9.71482325193909,6.508189576499986,3.088629149806558,0.0,0.0,0.0,0.0,0.0,0.0,0.0,0.0,0.0,0.0,0.0,0.0,0.0,0.0,0.0,0.0,0.0,0.0,0.0,0.0,0.0,0.0,0.0,0.0,0.0,0.0,0.0,0.0,0.0,0.0,0.0,0.0,0.0,0.0,0.0,0.0,0.0,0.0,0.0,0.0,0.0,0.0,0.0,0.0,0.0,0.0,0.0,0.0,0.0,0.0,0.0
0.0,0.0,0.0,0.0,0.0,0.0,0.0,0.0,0.0,0.0,0.0,0.0,0.0,0.0,0.0,0.0,0.0,1.3363213768069864,5.26943818905283,9.012613358375058,12.553108304568601,15.877805661281108,18.97333823612758,21.826250878211127,24.423195778309168,26.75115954568623,28.79771768417386,30.551308996687606,32.00151927854805,33.139360830486275,33.95753231726085,34.4506427887248,34.6153846153846,34.4506427887248,33.95753231726085,33.139360830486275,32.00151927854805,30.551308996687606,28.79771768417386,26.75115954568623,24.423195778309168,21.826250878211127,18.97333823612758,15.877805661281108,12.553108304568601,9.012613358375058,5.26943818905283,1.3363213768069864,0.0,0.0,0.0,0.0,0.0,0.0,0.0,0.0,0.0,0.0,0.0,0.0,0.0,0.0,0.0,0.0,0.0,0.0,0.0,0.0,0.0,0.0,0.0,0.0,0.0,0.0,0.0,0.0,0.0,0.0,0.0,0.0,0.0,0.0,0.0,0.0,0.0,0.0,0.0,0.0,0.0,0.0,0.0,0.0,0.0,0.0,0.0,0.0,0.0
0.0,0.0,0.0,0.0,0.0,0.0,0.0,0.0,0.0,0.0,0.0,0.0,0.0,0.0,0.0,0.0,2.6827134249365105,6.92307692307692,10.986153012917963,14.858855420170647,18.527485988899354,21.97783093135393,25.195293865399154,28.165069388344804,30.872359187044523,33.30263007403553,35.44190987662315,37.27711295938867,38.79638270050751,39.98943404199216,40.84787601524921,41.365492653456094,41.538461538461526,41.365492653456094,40.84787601524921,39.98943404199216,38.79638270050751,37.27711295938867,35.44190987662315,33.30263007403553,30.872359187044523,28.165069388344804,25.195293865399154,21.97783093135393,18.527485988899354,14.858855420170647,10.986153012917963,6.92307692307692,2.6827134249365105,0.0,0.0,0.0,0.0,0.0,0.0,0.0,0.0,0.0,0.0,0.0,0.0,0.0,0.0,0.0,0.0,0.0,0.0,0.0,0.0,0.0,0.0,0.0,0.0,0.0,0.0,0.0,0.0,0.0,0.0,0.0,0.0,0.0,0.0,0.0,0.0,0.0,0.0,0.0,0.0,0.0,0.0,0.0,0.0,0.0,0.0,0.0,0.0
0.0,0.0,0.0,0.0,0.0,0.0,0.0,0.0,0.0,0.0,0.0,0.0,0.0,0.0,0.0,3.4954783756343795,8.034336714818481,12.410052412012554,16.6095177063792,20.618800155396855,24.423195778309168,28.007318768537424,31.355234629034623,34.4506427887248,37.27711295938867,39.81837647550056,42.05866953342962,43.98311973884884,45.578161114978165,46.83195649612148,47.73480109931909,48.27947822002766,48.46153846153848,48.27947822002766,47.73480109931909,46.83195649612148,45.578161114978165,43.98311973884884,42.05866953342962,39.81837647550056,37.27711295938867,34.4506427887248,31.355234629034623,28.007318768537424,24.423195778309168,20.618800155396855,16.6095177063792,12.410052412012554,8.034336714818481,3.4954783756343795,0.0,0.0,0.0,0.0,0.0,0.0,0.0,0.0,0.0,0.0,0.0,0.0,0.0,0.0,0.0,0.0,0.0,0.0,0.0,0.0,0.0,0.0,0.0,0.0,0.0,0.0,0.0,0.0,0.0,0.0,0.0,0.0,0.0,0.0,0.0,0.0,0.0,0.0,0.0,0.0,0.0,0.0,0.0,0.0,0.0,0.0,0.0
0.0,0.0,0.0,0.0,0.0,0.0,0.0,0.0,0.0,0.0,0.0,0.0,0.0,0.0,3.767232996583545,8.592668264216117,13.270228909029754,17.787122115784882,22.129556524734742,26.282746307253333,30.23094701918813,33.95753231726085,37.445121124795385,40.67576447885924,43.63119966743856,46.293175967344844,48.643851039159635,50.666249822750295,52.344769052867726,53.66570129380621,54.61774424117422,55.19245584932345,55.38461538461538,55.19245584932345,54.61774424117422,53.66570129380621,52.344769052867726,50.666249822750295,48.643851039159635,46.293175967344844,43.63119966743856,40.67576447885924,37.445121124795385,33.95753231726085,30.23094701918813,26.282746307253333,22.129556524734742,17.787122115784882,13.270228909029754,8.592668264216117,3.767232996583545,0.0,0.0,0.0,0.0,0.0,0.0,0.0,0.0,0.0,0.0,0.0,0.0,0.0,0.0,0.0,0.0,0.0,0.0,0.0,0.0,0.0,0.0,0.0,0.0,0.0,0.0,0.0,0.0,0.0,0.0,0.0,0.0,0.0,0.0,0.0,0.0,0.0,0.0,0.0,0.0,0.0,0.0,0.0,0.0,0.0,0.0
0.0,0.0,0.0,0.0,0.0,0.0,0.0,0.0,0.0,0.0,0.0,0.0,0.0,3.4954783756343795,8.592668264216117,13.557942274551136,18.379141893294197,23.04299009416661,27.53504622314834,31.839683822081337,35.94010121525899,39.81837647550056,43.45557976165831,46.83195649612148,49.92719380576659,52.72077938642145,55.19245584932345,57.32276436921221,59.093659408340926,60.48916268100878,61.496011601835995,62.10424823589413,62.3076923076923,62.10424823589413,61.496011601835995,60.48916268100878,59.093659408340926,57.32276436921221,55.19245584932345,52.72077938642145,49.92719380576659,46.83195649612148,43.45557976165831,39.81837647550056,35.94010121525899,31.839683822081337,27.53504622314834,23.04299009416661,18.379141893294197,13.557942274551136,8.592668264216117,3.4954783756343795,0.0,0.0,0.0,0.0,0.0,0.0,0.0,0.0,0.0,0.0,0.0,0.0,0.0,0.0,0.0,0.0,0.0,0.0,0.0,0.0,0.0,0.0,0.0,0.0,0.0,0.0,0.0,0.0,0.0,0.0,0.0,0.0,0.0,0.0,0.0,0.0,0.0,0.0,0.0,0.0,0.0,0.0,0.0,0.0,0.0
0.0,0.0,0.0,0.0,0.0,0.0,0.0,0.0,0.0,0.0,0.0,0.0,2.6827134249365105,8.034336714818481,13.270228909029754,18.379141893294197,23.3486515525187,28.165069388344804,32.81336566982792,37.27711295938867,41.538461538461526,45.578161114978165,49.37564586383163,52.909201726021244,56.156235092319335,59.093659408340926,61.69840968021883,63.948083439875454,65.82169036751093,67.30047279623281,68.3687388697124,69.01463394082108,69.2307692307692,69.01463394082108,68.3687388697124,67.30047279623281,65.82169036751093,63.948083439875454,61.69840968021883,59.093659408340926,56.156235092319335,52.909201726021244,49.37564586383163,45.578161114978165,41.538461538461526,37.27711295938867,32.81336566982792,28.165069388344804,23.3486515525187,18.379141893294197,13.270228909029754,8.034336714818481,2.6827134249365105,0.0,0.0,0.0,0.0,0.0,0.0,0.0,0.0,0.0,0.0,0.0,0.0,0.0,0.0,0.0,0.0,0.0,0.0,0.0,0.0,0.0,0.0,0.0,0.0,0.0,0.0,0.0,0.0,0.0,0.0,0.0,0.0,0.0,0.0,0.0,0.0,0.0,0.0,0.0,0.0,0.0,0.0,0.0,0.0
0.0,0.0,0.0,0.0,0.0,0.0,0.0,0.0,0.0,0.0,0.0,1.3363213768069864,6.92307692307692,12.410052412012554,17.787122115784882,23.04299009416661,28.165069388344804,33.139360830486275,37.95033787834712,42.580846791143955,47.012035068702374,51.223325277196544,55.19245584932345,58.895614491674515,62.3076923076923,65.40268598829104,68.15426939028339,70.536542532633,72.52494441050752,74.09728702538062,75.23483572785078,75.92333276511063,76.15384615384616,75.92333276511063,75.23483572785078,74.09728702538062,72.52494441050752,70.536542532633,68.15426939028339,65.40268598829104,62.3076923076923,58.895614491674515,55.19245584932345,51.223325277196544,47.012035068702374,42.580846791143955,37.95033787834712,33.139360830486275,28.165069388344804,23.04299009416661,17.787122115784882,12.410052412012554,6.92307692307692,1.3363213768069864,0.0,0.0,0.0,0.0,0.0,0.0,0.0,0.0,0.0,0.0,0.0,0.0,0.0,0.0,0.0,0.0,0.0,0.0,0.0,0.0,0.0,0.0,0.0,0.0,0.0,0.0,0.0,0.0,0.0,0.0,0.0,0.0,0.0,0.0,0.0,0.0,0.0,0.0,0.0,0.0,0.0,0.0,0.0
0.0,0.0,0.0,0.0,0.0,0.0,0.0,0.0,0.0,0.0,0.0,5.26943818905283,10.986153012917963,16.6095177063792,22.129556524734742,27.53504622314834,32.81336566982792,37.95033787834712,42.93007010845386,47.73480109931909,52.344769052867726,56.73811974393562,60.89088091787132,64.77703631243143,68.3687388697124,71.6367057057794,74.5508339188074,77.08106251856418,79.19847845611592,80.87662340808679,82.09290722032418,82.82998490110478,83.0769230769231,82.82998490110478,82.09290722032418,80.87662340808679,79.19847845611592,77.08106251856418,74.5508339188074,71.6367057057794,68.3687388697124,64.77703631243143,60.89088091787132,56.73811974393562,52.344769052867726,47.73480109931909,42.93007010845386,37.95033787834712,32.81336566982792,27.53504622314834,22.129556524734742,16.6095177063792,10.986153012917963,5.26943818905283,0.0,0.0,0.0,0.0,0.0,0.0,0.0,0.0,0.0,0.0,0.0,0.0,0.0,0.0,0.0,0.0,0.0,0.0,0.0,0.0,0.0,0.0,0.0,0.0,0.0,0.0,0.0,0.0,0.0,0.0,0.0,0.0,0.0,0.0,0.0,0.0,0.0,0.0,0.0,0.0,0.0,0.0,0.0
0.0,0.0,0.0,0.0,0.0,0.0,0.0,0.0,0.0,0.0,3.088629149806558,9.012613358375058,14.858855420170647,20.618800155396855,26.282746307253333,31.839683822081337,37.27711295938867,42.580846791143955,47.73480109931909,52.72077938642145,57.51826606416369,62.10424823589413,66.4530959986842,70.536542532633,74.32381715210482,77.78199419838411,80.87662340808679,83.57269654257148,85.83597340106229,87.63463340220227,88.94114004485145,89.73412054334797,90.0,89.73412054334797,88.94114004485145,87.63463340220227,85.83597340106229,83.57269654257148,80.87662340808679,77.78199419838411,74.32381715210482,70.536542532633,66.4530959986842,62.10424823589413,57.51826606416369,52.72077938642145,47.73480109931909,42.580846791143955,37.27711295938867,31.839683822081337,26.282746307253333,20.618800155396855,14.858855420170647,9.012613358375058,3.088629149806558,0.0,0.0,0.0,0.0,0.0,0.0,0.0,0.0,0.0,0.0,0.0,0.0,0.0,0.0,0.0,0.0,0.0,0.0,0.0,0.0,0.0,0.0,0.0,0.0,0.0,0.0,0.0,0.0,0.0,0.0,0.0,0.0,0.0,0.0,0.0,0.0,0.0,0.0,0.0,0.0,0.0,0.0
0.0,0.0,0.0,0.0,0.0,0.0,0.0,0.0,0.0,0.3998524005298165,6.508189576499986,12.553108304568601,18.527485988899354,24.423195778309168,30.23094701918813,35.94010121525899,41.538461538461526,47.012035068702374,52.344769052867726,57.51826606416369,62.511488664389034,67.30047279623281,71.85808141052325,76.15384615384616,80.15396467945874,83.82154161150136,87.11717631923952,90.0,92.42923402610639,94.3662677756332,95.77713419587081,96.63511445451485,96.92307692307695,96.63511445451485,95.77713419587081,94.3662677756332,92.42923402610639,90.0,87.11717631923952,83.82154161150136,80.15396467945874,76.15384615384616,71.85808141052325,67.30047279623281,62.511488664389034,57.51826606416369,52.344769052867726,47.012035068702374,41.538461538461526,35.94010121525899,30.23094701918813,24.423195778309168,18.527485988899354,12.553108304568601,6.508189576499986,0.3998524005298165,0.0,0.0,0.0,0.0,0.0,0.0,0.0,0.0,0.0,0.0,0.0,0.0,0.0,0.0,0.0,0.0,0.0,0.0,0.0,0.0,0.0,0.0,0.0,0.0,0.0,0.0,0.0,0.0,0.0,0.0,0.0,0.0,0.0,0.0,0.0,0.0,0.0,0.0,0.0,0.0,0.0
0.0,0.0,0.0,0.0,0.0,0.0,0.0,0.0,0.0,3.4954783756343795,9.71482325193909,15.877805661281108,21.97783093135393,28.007318768537424,33.95753231726085,39.81837647550056,45.578161114978165,51.223325277196544,56.73811974393562,62.10424823589413,67.30047279623281,72.30219794235661,77.08106251856418,81.60458951387149,85.83597340106229,89.73412054334797,93.25409478825,96.34814325972985,98.96746215655644,101.06477826236734,102.59764693269955,103.53211603485745,103.84615384615387,103.53211603485745,102.59764693269955,101.06477826236734,98.96746215655644,96.34814325972985,93.25409478825,89.73412054334797,85.83597340106229,81.60458951387149,77.08106251856418,72.30219794235661,67.30047279623281,62.10424823589413,56.73811974393562,51.223325277196544,45.578161114978165,39.81837647550056,33.95753231726085,28.007318768537424,21.97783093135393,15.877805661281108,9.71482325193909,3.4954783756343795,0.0,0.0,0.0,0.0,0.0,0.0,0.0,0.0,0.0,0.0,0.0,0.0,0.0,0.0,0.0,0.0,0.0,0.0,0.0,0.0,0.0,0.0,0.0,0.0,0.0,0.0,0.0,0.0,0.0,0.0,0.0,0.0,0.0,0.0,0.0,0.0,0.0,0.0,0.0,0.0,0.0
0.0,0.0,0.0,0.0,0.0,0.0,0.0,0.0,0.0,6.370114098676793,12.69628651945976,18.97333823612758,25.195293865399154,31.355234629034623,37.445121124795385,43.45557976165831,49.37564586383163,55.19245584932345,60.89088091787132,66.4530959986842,71.85808141052325,77.08106251856418,82.09290722032418,86.85952582795124,91.34135671246825,95.49307650645899,99.26374299444966,102.59764693269955,105.43617959352225,107.72095493831158,109.39819135025373,110.42393800762454,110.76923076923076,110.42393800762454,109.39819135025373,107.72095493831158,105.43617959352225,102.59764693269955,99.26374299444966,95.49307650645899,91.34135671246825,86.85952582795124,82.09290722032418,77.08106251856418,71.85808141052325,66.4530959986842,60.89088091787132,55.19245584932345,49.37564586383163,43.45557976165831,37.445121124795385,31.355234629034623,25.195293865399154,18.97333823612758,12.69628651945976,6.370114098676793,0.0,0.0,0.0,0.0,0.0,0.0,0.0,0.0,0.0,0.0,0.0,0.0,0.0,0.0,0.0,0.0,0.0,0.0,0.0,0.0,0.0,0.0,0.0,0.0,0.0,0.0,0.0,0.0,0.0,0.0,0.0,0.0,0.0,0.0,0.0,0.0,0.0,0.0,0.0,0.0,0.0
0.0,0.0,0.0,0.0,0.0,0.0,0.0,0.0,2.547614520328203,9.012613358375058,15.440340129165502,21.826250878211127,28.165069388344804,34.4506427887248,40.67576447885924,46.83195649612148,52.909201726021244,58.895614491674515,64.77703631243143,70.536542532633,76.15384615384616,81.60458951387149,86.85952582795124,91.88361649829176,96.63511445451485,101.06477826236734,105.11547350959408,108.7225605623977,111.81559983371932,114.3219255195798,116.17238452643387,117.3088721205871,117.69230769230772,117.3088721205871,116.17238452643387,114.3219255195798,111.81559983371932,108.7225605623977,105.11547350959408,101.06477826236734,96.63511445451485,91.88361649829176,86.85952582795124,81.60458951387149,76.15384615384616,70.536542532633,64.77703631243143,58.895614491674515,52.909201726021244,46.83195649612148,40.67576447885924,34.4506427887248,28.165069388344804,21.826250878211127,15.440340129165502,9.012613358375058,2.547614520328203,0.0,0.0,0.0,0.0,0.0,0.0,0.0,0.0,0.0,0.0,0.0,0.0,0.0,0.0,0.0,0.0,0.0,0.0,0.0,0.0,0.0,0.0,0.0,0.0,0.0,0.0,0.0,0.0,0.0,0.0,0.0,0.0,0.0,0.0,0.0,0.0,0.0,0.0,0.0,0.0
0.0,0.0,0.0,0.0,0.0,0.0,0.0,0.0,4.858468052212818,11.412060066194941,17.93492431311287,24.423195778309168,30.872359187044523,37.27711295938867,43.63119966743856,49.92719380576659,56.156235092319335,62.3076923076923,68.3687388697124,74.32381715210482,80.15396467945874,85.83597340106229,91.34135671246825,96.63511445451485,101.67432577625932,106.40668283491397,110.76923076923076,114.68782293191586,118.07811754615967,120.84920484010942,122.91084518375547,124.18436943485622,124.6153846153846,124.18436943485622,122.91084518375547,120.84920484010942,118.07811754615967,114.68782293191586,110.76923076923076,106.40668283491397,101.67432577625932,96.63511445451485,91.34135671246825,85.83597340106229,80.15396467945874,74.32381715210482,68.3687388697124,62.3076923076923,56.156235092319335,49.92719380576659,43.63119966743856,37.27711295938867,30.872359187044523,24.423195778309168,17.93492431311287,11.412060066194941,4.858468052212818,0.0,0.0,0.0,0.0,0.0,0.0,0.0,0.0,0.0,0.0,0.0,0.0,0.0,0.0,0.0,0.0,0.0,0.0,0.0,0.0,0.0,0.0,0.0,0.0,0.0,0.0,0.0,0.0,0.0,0.0,0.0,0.0,0.0,0.0,0.0,0.0,0.0,0.0,0.0,0.0
0.0,0.0,0.0,0.0,0.0,0.0,0.0,0.26646942811610286,6.92307692307692,13.557942274551136,20.168357806866524,26.75115954568623,33.30263007403553,39.81837647550056,46.293175967344844,52.72077938642145,59.093659408340926,65.40268598829104,71.6367057057794,77.78199419838411,83.82154161150136,89.73412054334797,95.49307650645899,101.06477826236734,106.40668283491397,111.46503505422693,116.17238452643387,120.44544045893565,124.18436943485622,127.27541695940373,129.59923922805797,131.0464536101621,131.53846153846158,131.0464536101621,129.59923922805797,127.27541695940373,124.18436943485622,120.44544045893565,116.17238452643387,111.46503505422693,106.40668283491397,101.06477826236734,95.49307650645899,89.73412054334797,83.82154161150136,77.78199419838411,71.6367057057794,65.40268598829104,59.093659408340926,52.72077938642145,46.293175967344844,39.81837647550056,33.30263007403553,26.75115954568623,20.168357806866524,13.557942274551136,6.92307692307692,0.26646942811610286,0.0,0.0,0.0,0.0,0.0,0.0,0.0,0.0,0.0,0.0,0.0,0.0,0.0,0.0,0.0,0.0,0.0,0.0,0.0,0.0,0.0,0.0,0.0,0.0,0.0,0.0,0.0,0.0,0.0,0.0,0.0,0.0,0.0,0.0,0.0,0.0,0.0,0.0,0.0
0.0,0.0,0.0,0.0,0.0,0.0,0.0,2.0082443236277348,8.732535551266425,15.440340129165502,22.129556524734742,28.79771768417386,35.44190987662315,42.05866953342962,48.643851039159635,55.19245584932345,61.69840968021883,68.15426939028339,74.5508339188074,80.87662340808679,87.11717631923952,93.25409478825,99.26374299444966,105.11547350959408,110.76923076923076,116.17238452643387,121.25574433219454,125.9290407052616,130.07698233972934,133.55858815961975,136.2146170130532,137.8885670979354,138.4615384615384,137.8885670979354,136.2146170130532,133.55858815961975,130.07698233972934,125.9290407052616,121.25574433219454,116.17238452643387,110.76923076923076,105.11547350959408,99.26374299444966,93.25409478825,87.11717631923952,80.87662340808679,74.5508339188074,68.15426939028339,61.69840968021883,55.19245584932345,48.643851039159635,42.05866953342962,35.44190987662315,28.79771768417386,22.129556524734742,15.440340129165502,8.732535551266425,2.0082443236277348,0.0,0.0,0.0,0.0,0.0,0.0,0.0,0.0,0.0,0.0,0.0,0.0,0.0,0.0,0.0,0.0,0.0,0.0,0.0,0.0,0.0,0.0,0.0,0.0,0.0,0.0,0.0,0.0,0.0,0.0,0.0,0.0,0.0,0.0,0.0,0.0,0.0,0.0,0.0
0.0,0.0,0.0,0.0,0.0,0.0,0.0,3.4954783756343795,10.278683001259436,17.05012205621788,23.80826530137492,30.551308996687606,37.27711295938867,43.98311973884884,50.666249822750295,57.32276436921221,63.948083439875454,70.536542532633,77.08106251856418,83.57269654257148,90.0,96.34814325972985,102.59764693269955,108.7225605623977,114.68782293191586,120.44544045893565,125.9290407052616,131.0464536101621,135.67067835623416,139.63187149722486,142.71808979676112,144.69909567512684,145.38461538461536,144.69909567512684,142.71808979676112,139.63187149722486,135.67067835623416,131.0464536101621,125.9290407052616,120.44544045893565,114.68782293191586,108.7225605623977,102.59764693269955,96.34814325972985,90.0,83.57269654257148,77.08106251856418,70.536542532633,63.948083439875454,57.32276436921221,50.666249822750295,43.98311973884884,37.27711295938867,30.551308996687606,23.80826530137492,17.05012205621788,10.278683001259436,3.4954783756343795,0.0,0.0,0.0,0.0,0.0,0.0,0.0,0.0,0.0,0.0,0.0,0.0,0.0,0.0,0.0,0.0,0.0,0.0,0.0,0.0,0.0,0.0,0.0,0.0,0.0,0.0,0.0,0.0,0.0,0.0,0.0,0.0,0.0,0.0,0.0,0.0,0.0,0.0,0.0
0.0,0.0,0.0,0.0,0.0,0.0,0.0,4.721692137616194,11.554268391741628,18.379141893294197,25.195293865399154,32.00151927854805,38.79638270050751,45.578161114978165,52.344769052867726,59.093659408340926,65.82169036751093,72.52494441050752,79.19847845611592,85.83597340106229,92.42923402610639,98.96746215655644,105.43617959352225,111.81559983371932,118.07811754615967,124.18436943485622,130.07698233972934,135.67067835623416,140.83716288812968,145.38461538461536,149.03905877307983,151.45542259187775,152.3076923076923,151.45542259187775,149.03905877307983,145.38461538461536,140.83716288812968,135.67067835623416,130.07698233972934,124.18436943485622,118.07811754615967,111.81559983371932,105.43617959352225,98.96746215655644,92.42923402610639,85.83597340106229,79.19847845611592,72.52494441050752,65.82169036751093,59.093659408340926,52.344769052867726,45.578161114978165,38.79638270050751,32.00151927854805,25.195293865399154,18.379141893294197,11.554268391741628,4.721692137616194,0.0,0.0,0.0,0.0,0.0,0.0,0.0,0.0,0.0,0.0,0.0,0.0,0.0,0.0,0.0,0.0,0.0,0.0,0.0,0.0,0.0,0.0,0.0,0.0,0.0,0.0,0.0,0.0,0.0,0.0,0.0,0.0,0.0,0.0,0.0,0.0,0.0,0.0,0.0
0.0,0.0,0.0,0.0,0.0,0.0,0.0,5.681377218265311,12.553108304568601,19.420428395863368,26.282746307253333,33.139360830486275,39.98943404199216,46.83195649612148,53.66570129380621,60.48916268100878,67.30047279623281,74.09728702538062,80.87662340808679,87.63463340220227,94.3662677756332,101.06477826236734,107.72095493831158,114.3219255195798,120.84920484010942,127.27541695940373,133.55858815961975,139.63187149722486,145.38461538461536,150.62787216609723,155.03849116986473,158.1073085065266,159.23076923076925,158.1073085065266,155.03849116986473,150.62787216609723,145.38461538461536,139.63187149722486,133.55858815961975,127.27541695940373,120.84920484010942,114.3219255195798,107.72095493831158,101.06477826236734,94.3662677756332,87.63463340220227,80.87662340808679,74.09728702538062,67.30047279623281,60.48916268100878,53.66570129380621,46.83195649612148,39.98943404199216,33.139360830486275,26.282746307253333,19.420428395863368,12.553108304568601,5.681377218265311,0.0,0.0,0.0,0.0,0.0,0.0,0.0,0.0,0.0,0.0,0.0,0.0,0.0,0.0,0.0,0.0,0.0,0.0,0.0,0.0,0.0,0.0,0.0,0.0,0.0,0.0,0.0,0.0,0.0,0.0,0.0,0.0,0.0,0.0,0.0,0.0,0.0,0.0,0.0
0.0,0.0,0.0,0.0,0.0,0.0,0.0,6.370114098676793,13.270228909029754,20.168357806866524,27.06423206971486,33.95753231726085,40.84787601524921,47.73480109931909,54.61774424117422,61.496011601835995,68.3687388697124,75.23483572785078,82.09290722032418,88.94114004485145,95.77713419587081,102.59764693269955,109.39819135025373,116.17238452643387,122.91084518375547,129.59923922805797,136.2146170130532,142.71808979676112,149.03905877307983,155.03849116986473,160.4185814440648,164.51952938653994,166.1538461538462,164.51952938653994,160.4185814440648,155.03849116986473,149.03905877307983,142.71808979676112,136.2146170130532,129.59923922805797,122.91084518375547,116.17238452643387,109.39819135025373,102.59764693269955,95.77713419587081,88.94114004485145,82.09290722032418,75.23483572785078,68.3687388697124,61.496011601835995,54.61774424117422,47.73480109931909,40.84787601524921,33.95753231726085,27.06423206971486,20.168357806866524,13.270228909029754,6.370114098676793,0.0,0.0,0.0,0.0,0.0,0.0,0.0,0.0,0.0,0.0,0.0,0.0,0.0,0.0,0.0,0.0,0.0,0.0,0.0,0.0,0.0,0.0,0.0,0.0,0.0,0.0,0.0,0.0,0.0,0.0,0.0,0.0,0.0,0.0,0.0,0.0,0.0,0.0,0.0
0.0,0.0,0.0,0.0,0.0,0.0,0.0,6.784670724967325,13.701985622801807,20.618800155396855,27.53504622314834,34.4506427887248,41.365492653456094,48.27947822002766,55.19245584932345,62.10424823589413,69.01463394082108,75.92333276511063,82.82998490110478,89.73412054334797,96.63511445451485,103.53211603485745,110.42393800762454,117.3088721205871,124.18436943485622,131.0464536101621,137.8885670979354,144.69909567512684,151.45542259187775,158.1073085065266,164.51952938653994,170.20929072203242,173.07692307692312,170.20929072203242,164.51952938653994,158.1073085065266,151.45542259187775,144.69909567512684,137.8885670979354,131.0464536101621,124.18436943485622,117.3088721205871,110.42393800762454,103.53211603485745,96.63511445451485,89.73412054334797,82.82998490110478,75.92333276511063,69.01463394082108,62.10424823589413,55.19245584932345,48.27947822002766,41.365492653456094,34.4506427887248,27.53504622314834,20.618800155396855,13.701985622801807,6.784670724967325,0.0,0.0,0.0,0.0,0.0,0.0,0.0,0.0,0.0,0.0,0.0,0.0,0.0,0.0,0.0,0.0,0.0,0.0,0.0,0.0,0.0,0.0,0.0,0.0,0.0,0.0,0.0,0.0,0.0,0.0,0.0,0.0,0.0,0.0,0.0,0.0,0.0,0.0,0.0
0.0,0.0,0.0,0.0,0.0,0.0,0.0,6.92307692307692,13.84615384615384,20.769230769230774,27.69230769230769,34.6153846153846,41.538461538461526,48.46153846153848,55.38461538461538,62.3076923076923,69.2307692307692,76.15384615384616,83.0769230769231,90.0,96.92307692307695,103.84615384615387,110.76923076923076,117.69230769230772,124.6153846153846,131.53846153846158,138.4615384615384,145.38461538461536,152.3076923076923,159.23076923076925,166.1538461538462,173.07692307692312,180.0,173.07692307692312,166.1538461538462,159.23076923076925,152.3076923076923,145.38461538461536,138.4615384615384,131.53846153846158,124.6153846153846,117.69230769230772,110.76923076923076,103.84615384615387,96.92307692307695,90.0,83.0769230769231,76.15384615384616,69.2307692307692,62.3076923076923,55.38461538461538,48.46153846153848,41.538461538461526,34.6153846153846,27.69230769230769,20.769230769230774,13.84615384615384,6.92307692307692,0.0,0.0,0.0,0.0,0.0,0.0,0.0,0.0,0.0,0.0,0.0,0.0,0.0,0.0,0.0,0.0,0.0,0.0,0.0,0.0,0.0,0.0,0.0,0.0,0.0,0.0,0.0,0.0,0.0,0.0,0.0,0.0,0.0,0.0,0.0,0.0,0.0,0.0,0.0
0.0,0.0,0.0,0.0,0.0,0.0,0.0,6.784670724967325,13.701985622801807,20.618800155396855,27.53504622314834,34.4506427887248,41.365492653456094,48.27947822002766,55.19245584932345,62.10424823589413,69.01463394082108,75.92333276511063,82.82998490110478,89.73412054334797,96.63511445451485,103.53211603485745,110.42393800762454,117.3088721205871,124.18436943485622,131.0464536101621,137.8885670979354,144.69909567512684,151.45542259187775,158.1073085065266,164.51952938653994,170.20929072203242,173.07692307692312,170.20929072203242,164.51952938653994,158.1073085065266,151.45542259187775,144.69909567512684,137.8885670979354,131.0464536101621,124.18436943485622,117.3088721205871,110.42393800762454,103.53211603485745,96.63511445451485,89.73412054334797,82.82998490110478,75.92333276511063,69.01463394082108,62.10424823589413,55.19245584932345,48.27947822002766,41.365492653456094,34.4506427887248,27.53504622314834,20.618800155396855,13.701985622801807,6.784670724967325,0.0,0.0,0.0,0.0,0.0,0.0,0.0,0.0,0.0,0.0,0.0,0.0,0.0,0.0,0.0,0.0,0.0,0.0,0.0,0.0,0.0,0.0,0.0,0.0,0.0,0.0,0.0,0.0,0.0,0.0,0.0,0.0,0.0,0.0,0.0,0.0,0.0,0.0,0.0
0.0,0.0,0.0,0.0,0.0,0.0,0.0,6.370114098676793,13.270228909029754,20.168357806866524,27.06423206971486,33.95753231726085,40.84787601524921,47.73480109931909,54.61774424117422,61.496011601835995,68.3687388697124,75.23483572785078,82.09290722032418,88.94114004485145,95.77713419587081,102.59764693269955,109.39819135025373,116.17238452643387,122.91084518375547,129.59923922805797,136.2146170130532,142.71808979676112,149.03905877307983,155.03849116986473,160.4185814440648,164.51952938653994,166.1538461538462,164.51952938653994,160.4185814440648,155.03849116986473,149.03905877307983,142.71808979676112,136.2146170130532,129.59923922805797,122.91084518375547,116.17238452643387,109.39819135025373,102.59764693269955,95.77713419587081,88.94114004485145,82.09290722032418,75.23483572785078,68.3687388697124,61.496011601835995,54.61774424117422,47.73480109931909,40.84787601524921,33.95753231726085,27.06423206971486,20.168357806866524,13.270228909029754,6.370114098676793,0.0,0.0,0.0,0.0,0.0,0.0,0.0,0.0,0.0,0.0,0.0,0.0,0.0,0.0,0.0,0.0,0.0,0.0,0.0,0.0,0.0,0.0,0.0,0.0,0.0,0.0,0.0,0.0,0.0,0.0,0.0,0.0,0.0,0.0,0.0,0.0,0.0,0.0,0.0
0.0,0.0,0.0,0.0,0.0,0.0,0.0,5.681377218265311,12.553108304568601,19.420428395863368,26.282746307253333,33.139360830486275,39.98943404199216,46.83195649612148,53.66570129380621,60.48916268100878,67.30047279623281,74.09728702538062,80.87662340808679,87.63463340220227,94.3662677756332,101.06477826236734,107.72095493831158,114.3219255195798,120.84920484010942,127.27541695940373,133.55858815961975,139.63187149722486,145.38461538461536,150.62787216609723,155.03849116986473,158.1073085065266,159.23076923076925,158.1073085065266,155.03849116986473,150.62787216609723,145.38461538461536,139.63187149722486,133.55858815961975,127.27541695940373,120.84920484010942,114.3219255195798,107.72095493831158,101.06477826236734,94.3662677756332,87.63463340220227,80.87662340808679,74.09728702538062,67.30047279623281,60.48916268100878,53.66570129380621,46.83195649612148,39.98943404199216,33.139360830486275,26.282746307253333,19.420428395863368,12.553108304568601,5.681377218265311,0.0,0.0,0.0,0.0,0.0,0.0,0.0,0.0,0.0,0.0,0.0,0.0,0.0,0.0,0.0,0.0,0.0,0.0,0.0,0.0,0.0,0.0,0.0,0.0,0.0,0.0,0.0,0.0,0.0,0.0,0.0,0.0,0.0,0.0,0.0,0.0,0.0,0.0,0.0
0.0,0.0,0.0,0.0,0.0,0.0,0.0,4.721692137616194,11.554268391741628,18.379141893294197,25.195293865399154,32.00151927854805,38.79638270050751,45.578161114978165,52.344769052867726,59.093659408340926,65.82169036751093,72.52494441050752,79.19847845611592,85.83597340106229,92.42923402610639,98.96746215655644,105.43617959352225,111.81559983371932,118.07811754615967,124.18436943485622,130.07698233972934,135.67067835623416,140.83716288812968,145.38461538461536,149.03905877307983,151.45542259187775,152.3076923076923,151.45542259187775,149.03905877307983,145.38461538461536,140.83716288812968,135.67067835623416,130.07698233972934,124.18436943485622,118.07811754615967,111.81559983371932,105.43617959352225,98.96746215655644,92.42923402610639,85.83597340106229,79.19847845611592,72.52494441050752,65.82169036751093,59.093659408340926,52.344769052867726,45.578161114978165,38.79638270050751,32.00151927854805,25.195293865399154,18.379141893294197,11.554268391741628,4.721692137616194,0.0,0.0,0.0,0.0,0.0,0.0,0.0,0.0,0.0,0.0,0.0,0.0,0.0,0.0,0.0,0.0,0.0,0.0,0.0,0.0,0.0,0.0,0.0,0.0,0.0,0.0,0.0,0.0,0.0,0.0,0.0,0.0,0.0,0.0,0.0,0.0,0.0,0.0,0.0
0.0,0.0,0.0,0.0,0.0,0.0,0.0,3.4954783756343795,10.278683001259436,17.05012205621788,23.80826530137492,30.551308996687606,37.27711295938867,43.98311973884884,50.666249822750295,57.32276436921221,63.948083439875454,70.536542532633,77.08106251856418,83.57269654257148,90.0,96.34814325972985,102.59764693269955,108.7225605623977,114.68782293191586,120.44544045893565,125.9290407052616,131.0464536101621,135.67067835623416,139.63187149722486,142.71808979676112,144.69909567512684,145.38461538461536,144.69909567512684,142.71808979676112,139.63187149722486,135.67067835623416,131.0464536101621,125.9290407052616,120.44544045893565,114.68782293191586,108.7225605623977,102.59764693269955,96.34814325972985,90.0,83.57269654257148,77.08106251856418,70.536542532633,63.948083439875454,57.32276436921221,50.666249822750295,43.98311973884884,37.27711295938867,30.551308996687606,23.80826530137492,17.05012205621788,10.278683001259436,3.4954783756343795,0.0,0.0,0.0,0.0,0.0,0.0,0.0,0.0,0.0,0.0,0.0,0.0,0.0,0.0,0.0,0.0,0.0,0.0,0.0,0.0,0.0,0.0,0.0,0.0,0.0,0.0,0.0,0.0,0.0,0.0,0.0,0.0,0.0,0.0,0.0,0.0,0.0,0.0,0.0
0.0,0.0,0.0,0.0,0.0,0.0,0.0,2.0082443236277348,8.732535551266425,15.440340129165502,22.129556524734742,28.79771768417386,35.44190987662315,42.05866953342962,48.643851039159635,55.19245584932345,61.69840968021883,68.15426939028339,74.5508339188074,80.87662340808679,87.11717631923952,93.25409478825,99.26374299444966,105.11547350959408,110.76923076923076,116.17238452643387,121.25574433219454,125.9290407052616,130.07698233972934,133.55858815961975,136.2146170130532,137.8885670979354,138.4615384615384,137.8885670979354,136.2146170130532,133.55858815961975,130.07698233972934,125.9290407052616,121.25574433219454,116.17238452643387,110.76923076923076,105.11547350959408,99.26374299444966,93.25409478825,87.11717631923952,80.87662340808679,74.5508339188074,68.15426939028339,61.69840968021883,55.19245584932345,48.643851039159635,42.05866953342962,35.44190987662315,28.79771768417386,22.129556524734742,15.440340129165502,8.732535551266425,2.0082443236277348,0.0,0.0,0.0,0.0,0.0,0.0,0.0,0.0,0.0,0.0,0.0,0.0,0.0,0.0,0.0,0.0,0.0,0.0,0.0,0.0,0.0,0.0,0.0,0.0,0.0,0.0,0.0,0.0,0.0,0.0,0.0,0.0,0.0,0.0,0.0,0.0,0.0,0.0,0.0
0.0,0.0,0.0,0.0,0.0,0.0,0.0,0.26646942811610286,6.92307692307692,13.557942274551136,20.168357806866524,26.75115954568623,33.30263007403553,39.81837647550056,46.293175967344844,52.72077938642145,59.093659408340926,65.40268598829104,71.6367057057794,77.78199419838411,83.82154161150136,89.73412054334797,95.49307650645899,101.06477826236734,106.40668283491397,111.46503505422693,116.17238452643387,120.44544045893565,124.18436943485622,127.27541695940373,129.59923922805797,131.0464536101621,131.53846153846158,131.0464536101621,129.59923922805797,127.27541695940373,124.18436943485622,120.44544045893565,116.17238452643387,111.46503505422693,106.40668283491397,101.06477826236734,95.49307650645899,89.73412054334797,83.82154161150136,77.78199419838411,71.6367057057794,65.40268598829104,59.093659408340926,52.72077938642145,46.293175967344844,39.81837647550056,33.30263007403553,26.75115954568623,20.168357806866524,13.557942274551136,6.92307692307692,0.26646942811610286,0.0,0.0,0.0,0.0,0.0,0.0,0.0,0.0,0.0,0.0,0.0,0.0,0.0,0.0,0.0,0.0,0.0,0.0,0.0,0.0,0.0,0.0,0.0,0.0,0.0,0.0,0.0,0.0,0.0,0.0,0.0,0.0,0.0,0.0,0.0,0.0,0.0,0.0,0.0
0.0,0.0,0.0,0.0,0.0,0.0,0.0,0.0,4.858468052212818,11.412060066194941,17.93492431311287,24.423195778309168,30.872359187044523,37.27711295938867,43.63119966743856,49.92719380576659,56.156235092319335,62.3076923076923,68.3687388697124,74.32381715210482,80.15396467945874,85.83597340106229,91.34135671246825,96.63511445451485,101.67432577625932,106.40668283491397,110.76923076923076,114.68782293191586,118.07811754615967,120.84920484010942,122.91084518375547,124.18436943485622,124.6153846153846,124.18436943485622,122.91084518375547,120.84920484010942,118.07811754615967,114.68782293191586,110.76923076923076,106.40668283491397,101.67432577625932,96.63511445451485,91.34135671246825,85.83597340106229,80.15396467945874,74.32381715210482,68.3687388697124,62.3076923076923,56.156235092319335,49.92719380576659,43.63119966743856,37.27711295938867,30.872359187044523,24.423195778309168,17.93492431311287,11.412060066194941,4.858468052212818,0.0,0.0,0.0,0.0,0.0,0.0,0.0,0.0,0.0,0.0,0.0,0.0,0.0,0.0,0.0,0.0,0.0,0.0,0.0,0.0,0.0,0.0,0.0,0.0,0.0,0.0,0.0,0.0,0.0,0.0,0.0,0.0,0.0,0.0,0.0,0.0,0.0,0.0,0.0,0.0
0.0,0.0,0.0,0.0,0.0,0.0,0.0,0.0,2.547614520328203,9.012613358375058,15.440340129165502,21.826250878211127,28.165069388344804,34.4506427887248,40.67576447885924,46.83195649612148,52.909201726021244,58.895614491674515,64.77703631243143,70.536542532633,76.15384615384616,81.60458951387149,86.85952582795124,91.88361649829176,96.63511445451485,101.06477826236734,105.11547350959408,108.7225605623977,111.81559983371932,114.3219255195798,116.17238452643387,117.3088721205871,117.69230769230772,117.3088721205871,116.17238452643387,114.3219255195798,111.81559983371932,108.7225605623977,105.11547350959408,101.06477826236734,96.63511445451485,91.88361649829176,86.85952582795124,81.60458951387149,76.15384615384616,70.536542532633,64.77703631243143,58.895614491674515,52.909201726021244,46.83195649612148,40.67576447885924,34.4506427887248,28.165069388344804,21.826250878211127,15.440340129165502,9.012613358375058,2.547614520328203,0.0,0.0,0.0,0.0,0.0,0.0,0.0,0.0,0.0,0.0,0.0,0.0,0.0,0.0,0.0,0.0,0.0,0.0,0.0,0.0,0.0,0.0,0.0,0.0,0.0,0.0,0.0,0.0,0.0,0.0,0.0,0.0,0.0,0.0,0.0,0.0,0.0,0.0,0.0,0.0
0.0,0.0,0.0,0.0,0.0,0.0,0.0,0.0,0.0,6.370114098676793,12.69628651945976,18.97333823612758,25.195293865399154,31.355234629034623,37.445121124795385,43.45557976165831,49.37564586383163,55.19245584932345,60.89088091787132,66.4530959986842,71.85808141052325,77.08106251856418,82.09290722032418,86.85952582795124,91.34135671246825,95.49307650645899,99.26374299444966,102.59764693269955,105.43617959352225,107.72095493831158,109.39819135025373,110.42393800762454,110.76923076923076,110.42393800762454,109.39819135025373,107.72095493831158,105.43617959352225,102.59764693269955,99.26374299444966,95.49307650645899,91.34135671246825,86.85952582795124,82.09290722032418,77.08106251856418,71.85808141052325,66.4530959986842,60.89088091787132,55.19245584932345,49.37564586383163,43.45557976165831,37.445121124795385,31.355234629034623,25.195293865399154,18.97333823612758,12.69628651945976,6.370114098676793,0.0,0.0,0.0,0.0,0.0,0.0,0.0,0.0,0.0,0.0,0.0,0.0,0.0,0.0,0.0,0.0,0.0,0.0,0.0,0.0,0.0,0.0,0.0,0.0,0.0,0.0,0.0,0.0,0.0,0.0,0.0,0.0,0.0,0.0,0.0,0.0,0.0,0.0,0.0,0.0,0.0
