0.0,0.0,0.0,0.0,0.0,0.0,0.0,0.0,0.0,0.0,0.0,0.0,0.0,0.0,0.0,0.0,0.0,0.0,0.0,0.0,0.0,0.0,0.0,0.0,0.0,0.0,0.0,0.0,0.0,0.0,0.0,0.0,0.0,0.0,0.0,0.0,0.0,0.0,0.0,0.0,0.0,0.0,0.0,0.0,0.0,0.0,0.0,0.0,0.0,0.0,0.0,0.0,0.0,0.0,0.0,0.0,0.0,0.0,0.0,0.0,0.0,0.0,0.0,0.0,0.0,0.0,0.0,0.0,0.0,0.0,0.0,0.0,0.0,1.7079835339909555,4.121122241120153,6.300153916535711,8.215517256023261,9.837000382630176,11.135338924322658,12.084257625004502,12.662738497768885,12.857142857142858,12.662738497768885,12.084257625004502,11.135338924322658,9.837000382630176,8.215517256023261,6.300153916535711,4.121122241120153,1.7079835339909555,0.0,0.0,0.0,0.0,0.0,0.0,0.0
0.0,0.0,0.0,0.0,0.0,0.0,0.0,0.0,0.0,0.0,0.0,0.0,0.0,0.0,0.0,0.0,0.0,0.0,0.0,0.0,0.0,0.0,0.0,0.0,0.0,0.0,0.0,0.0,0.0,0.0,0.0,0.0,0.0,0.0,0.0,0.0,0.0,0.0,0.0,0.0,0.0,0.0,0.0,0.0,0.0,0.0,0.0,0.0,0.0,0.0,0.0,0.0,0.0,0.0,0.0,0.0,0.0,0.0,0.0,0.0,0.0,0.0,0.0,0.0,0.0,0.0,0.0,0.0,0.0,0.0,0.0,0.0,2.341611226826961,5.116077964861297,7.686190218284138,10.020412329897422,12.084257625004502,13.841444510275682,15.255829247526215,16.29411845491899,16.92910448091047,17.142857142857142,16.92910448091047,16.29411845491899,15.255829247526215,13.841444510275682,12.084257625004502,10.020412329897422,7.686190218284138,5.116077964861297,2.341611226826961,0.0,0.0,0.0,0.0,0.0,0.0
0.0,0.0,0.0,0.0,0.0,0.0,0.0,0.0,0.0,0.0,0.0,0.0,0.0,0.0,0.0,0.0,0.0,0.0,0.0,0.0,0.0,0.0,0.0,0.0,0.0,0.0,0.0,0.0,0.0,0.0,0.0,0.0,0.0,0.0,0.0,0.0,0.0,0.0,0.0,0.0,0.0,0.0,0.0,0.0,0.0,0.0,0.0,0.0,0.0,0.0,0.0,0.0,0.0,0.0,0.0,0.0,0.0,0.0,0.0,0.0,0.0,0.0,0.0,0.0,0.0,0.0,0.0,0.0,0.0,0.0,0.0,2.341611226826961,5.451762594180622,8.39316609089016,11.135338924322658,13.642912172605843,15.87587082434143,17.790609420873835,19.34214436926369,20.487666611601913,21.191206550839645,21.428571428571427,21.191206550839645,20.487666611601913,19.34214436926369,17.790609420873835,15.87587082434143,13.642912172605843,11.135338924322658,8.39316609089016,5.451762594180622,2.341611226826961,0.0,0.0,0.0,0.0,0.0
0.0,0.0,0.0,0.0,0.0,0.0,0.0,0.0,0.0,0.0,0.0,0.0,0.0,0.0,0.0,0.0,0.0,0.0,0.0,0.0,0.0,0.0,0.0,0.0,0.0,0.0,0.0,0.0,0.0,0.0,0.0,0.0,0.0,0.0,0.0,0.0,0.0,0.0,0.0,0.0,0.0,0.0,0.0,0.0,0.0,0.0,0.0,0.0,0.0,0.0,0.0,0.0,0.0,0.0,0.0,0.0,0.0,0.0,0.0,0.0,0.0,0.0,0.0,0.0,0.0,0.0,0.0,0.0,0.0,0.0,1.7079835339909555,5.116077964861297,8.39316609089016,11.512677861493884,14.442232231137213,17.142857142857142,19.568652291185984,21.667406100003603,23.3828410914963,24.65909463756291,25.447466793006214,25.714285714285715,25.447466793006214,24.65909463756291,23.3828410914963,21.667406100003603,19.568652291185984,17.142857142857142,14.442232231137213,11.512677861493884,8.39316609089016,5.116077964861297,1.7079835339909555,0.0,0.0,0.0,0.0
0.0,0.0,0.0,0.0,0.0,0.0,0.0,0.0,0.0,0.0,0.0,0.0,0.0,0.0,0.0,0.0,0.0,0.0,0.0,0.0,0.0,0.0,0.0,0.0,0.0,0.0,0.0,0.0,0.0,0.0,0.0,0.0,0.0,0.0,0.0,0.0,0.0,0.0,0.0,0.0,0.0,0.0,0.0,0.0,0.0,0.0,0.0,0.0,0.0,0.0,0.0,0.0,0.0,0.0,0.0,0.0,0.0,0.0,0.0,0.0,0.0,0.0,0.0,0.0,0.0,0.0,0.0,0.0,0.0,0.4609543309294106,4.121122241120153,7.686190218284138,11.135338924322658,14.442232231137213,17.57359312880715,20.487666611601913,23.132891712674457,25.447466793006214,27.360972403440385,28.79952904594063,29.695423663433683,30.0,29.695423663433683,28.79952904594063,27.360972403440385,25.447466793006214,23.132891712674457,20.487666611601913,17.57359312880715,14.442232231137213,11.135338924322658,7.686190218284138,4.121122241120153,0.4609543309294106,0.0,0.0,0.0
0.0,0.0,0.0,0.0,0.0,0.0,0.0,0.0,0.0,0.0,0.0,0.0,0.0,0.0,0.0,0.0,0.0,0.0,0.0,0.0,0.0,0.0,0.0,0.0,0.0,0.0,0.0,0.0,0.0,0.0,0.0,0.0,0.0,0.0,0.0,0.0,0.0,0.0,0.0,0.0,0.0,0.0,0.0,0.0,0.0,0.0,0.0,0.0,0.0,0.0,0.0,0.0,0.0,0.0,0.0,0.0,0.0,0.0,0.0,0.0,0.0,0.0,0.0,0.0,0.0,0.0,0.0,0.0,0.0,2.501109150005405,6.300153916535711,10.020412329897422,13.642912172605843,17.142857142857142,20.487666611601913,23.634508396120424,26.527501388971483,29.095274781737235,31.25055457500271,32.89476291284245,33.931017727293344,34.285714285714285,33.931017727293344,32.89476291284245,31.25055457500271,29.095274781737235,26.527501388971483,23.634508396120424,20.487666611601913,17.142857142857142,13.642912172605843,10.020412329897422,6.300153916535711,2.501109150005405,0.0,0.0,0.0
0.0,0.0,0.0,0.0,0.0,0.0,0.0,0.0,0.0,0.0,0.0,0.0,0.0,0.0,0.0,0.0,0.0,0.0,0.0,0.0,0.0,0.0,0.0,0.0,0.0,0.0,0.0,0.0,0.0,0.0,0.0,0.0,0.0,0.0,0.0,0.0,0.0,0.0,0.0,0.0,0.0,0.0,0.0,0.0,0.0,0.0,0.0,0.0,0.0,0.0,0.0,0.0,0.0,0.0,0.0,0.0,0.0,0.0,0.0,0.0,0.0,0.0,0.0,0.0,0.0,0.0,0.0,0.0,0.30690738349663294,4.285714285714284,8.215517256023261,12.084257625004502,15.87587082434143,19.568652291185984,23.132891712674457,26.527501388971483,29.695423663433683,32.558038982430645,35.0102061649487,36.92072225513783,38.147059227459515,38.57142857142857,38.147059227459515,36.92072225513783,35.0102061649487,32.558038982430645,29.695423663433683,26.527501388971483,23.132891712674457,19.568652291185984,15.87587082434143,12.084257625004502,8.215517256023261,4.285714285714284,0.30690738349663294,0.0,0.0
0.0,0.0,0.0,0.0,0.0,0.0,0.0,0.0,0.0,0.0,0.0,0.0,0.0,0.0,0.0,0.0,0.0,0.0,0.0,0.0,0.0,0.0,0.0,0.0,0.0,0.0,0.0,0.0,0.0,0.0,0.0,0.0,0.0,0.0,0.0,0.0,0.0,0.0,0.0,0.0,0.0,0.0,0.0,0.0,0.0,0.0,0.0,0.0,0.0,0.0,0.0,0.0,0.0,0.0,0.0,0.0,0.0,0.0,0.0,0.0,0.0,0.0,0.0,0.0,0.0,0.0,0.0,0.0,1.7079835339909555,5.789525825684924,9.837000382630176,13.841444510275682,17.790609420873835,21.667406100003603,25.447466793006214,29.095274781737235,32.558038982430645,35.75633893074694,38.57142857142857,40.83370305000179,42.32954731878144,42.857142857142854,42.32954731878144,40.83370305000179,38.57142857142857,35.75633893074694,32.558038982430645,29.095274781737235,25.447466793006214,21.667406100003603,17.790609420873835,13.841444510275682,9.837000382630176,5.789525825684924,1.7079835339909555,0.0,0.0
0.0,0.0,0.0,0.0,0.0,0.0,0.0,0.0,0.0,0.0,0.0,0.0,0.0,0.0,0.0,0.0,0.0,0.0,0.0,0.0,0.0,0.0,0.0,0.0,0.0,0.0,0.0,0.0,0.0,0.0,0.0,0.0,0.0,0.0,0.0,0.0,0.0,0.0,0.0,0.0,0.0,0.0,0.0,0.0,0.0,0.0,0.0,0.0,0.0,0.0,0.0,0.0,0.0,0.0,0.0,0.0,0.0,0.0,0.0,0.0,0.0,0.0,0.0,0.0,0.0,0.0,0.0,0.0,2.8214397251728562,6.988641956344365,11.135338924322658,15.255829247526215,19.34214436926369,23.3828410914963,27.360972403440385,31.25055457500271,35.0102061649487,38.57142857142857,41.81725419806021,44.54763739086862,46.447381456421226,47.14285714285715,46.447381456421226,44.54763739086862,41.81725419806021,38.57142857142857,35.0102061649487,31.25055457500271,27.360972403440385,23.3828410914963,19.34214436926369,15.255829247526215,11.135338924322658,6.988641956344365,2.8214397251728562,0.0,0.0
0.0,0.0,0.0,0.0,0.0,0.0,0.0,0.0,0.0,0.0,0.0,0.0,0.0,0.0,0.0,0.0,0.0,0.0,0.0,0.0,0.0,0.0,0.0,0.0,0.0,0.0,0.0,0.0,0.0,0.0,0.0,0.0,0.0,0.0,0.0,0.0,0.0,0.0,0.0,0.0,0.0,0.0,0.0,0.0,0.0,0.0,0.0,0.0,0.0,0.0,0.0,0.0,0.0,0.0,0.0,0.0,0.0,0.0,0.0,0.0,0.0,0.0,0.0,0.0,0.0,0.0,0.0,0.0,3.6302295515746885,7.862035454586693,12.084257625004502,16.29411845491899,20.487666611601913,24.65909463756291,28.79952904594063,32.89476291284245,36.92072225513783,40.83370305000179,44.54763739086862,47.87816946537347,50.4168515250009,51.42857142857143,50.4168515250009,47.87816946537347,44.54763739086862,40.83370305000179,36.92072225513783,32.89476291284245,28.79952904594063,24.65909463756291,20.487666611601913,16.29411845491899,12.084257625004502,7.862035454586693,3.6302295515746885,0.0,0.0
0.0,0.0,0.0,0.0,0.0,0.0,0.0,0.0,0.0,0.0,0.0,0.0,0.0,0.0,0.0,0.0,0.0,0.0,0.0,0.0,0.0,0.0,0.0,0.0,0.0,0.0,0.0,0.0,0.0,0.0,0.0,0.0,0.0,0.0,0.0,0.0,0.0,0.0,0.0,0.0,0.0,0.0,0.0,0.0,0.0,0.0,0.0,0.0,0.0,0.0,0.0,0.0,0.0,0.0,0.0,0.0,0.0,0.0,0.0,0.0,0.0,0.0,0.0,0.0,0.0,0.0,0.0,0.0,4.121122241120153,8.39316609089016,12.662738497768885,16.92910448091047,21.191206550839645,25.447466793006214,29.695423663433683,33.931017727293344,38.147059227459515,42.32954731878144,46.447381456421226,50.4168515250009,53.93908473268674,55.71428571428572,53.93908473268674,50.4168515250009,46.447381456421226,42.32954731878144,38.147059227459515,33.931017727293344,29.695423663433683,25.447466793006214,21.191206550839645,16.92910448091047,12.662738497768885,8.39316609089016,4.121122241120153,0.0,0.0
0.0,0.0,0.0,0.0,0.0,0.0,0.0,0.0,0.0,0.0,0.0,0.0,0.0,0.0,0.0,0.0,0.0,0.0,0.0,0.0,0.0,0.0,0.0,0.0,0.0,0.0,0.0,0.0,0.0,0.0,0.0,0.0,0.0,0.0,0.0,0.0,0.0,0.0,0.0,0.0,0.0,0.0,0.0,0.0,0.0,0.0,0.0,0.0,0.0,0.0,0.0,0.0,0.0,0.0,0.0,0.0,0.0,0.0,0.0,0.0,0.0,0.0,0.0,0.0,0.0,0.0,0.0,0.0,4.285714285714284,8.571428571428575,12.857142857142858,17.142857142857142,21.428571428571427,25.714285714285715,30.0,34.285714285714285,38.57142857142857,42.857142857142854,47.14285714285715,51.42857142857143,55.71428571428572,60.0,55.71428571428572,51.42857142857143,47.14285714285715,42.857142857142854,38.57142857142857,34.285714285714285,30.0,25.714285714285715,21.428571428571427,17.142857142857142,12.857142857142858,8.571428571428575,4.285714285714284,0.0,0.0
0.0,0.0,0.0,0.0,0.0,0.0,0.0,0.0,0.0,0.0,0.0,0.0,0.0,0.0,0.0,0.0,0.0,0.0,0.0,0.0,0.0,0.0,0.0,0.0,0.0,0.0,0.0,0.0,0.0,0.0,0.0,0.0,0.0,0.0,0.0,0.0,0.0,0.0,0.0,0.0,0.0,0.0,0.0,0.0,0.0,0.0,0.0,0.0,0.0,0.0,0.0,0.0,0.0,0.0,0.0,0.0,0.0,0.0,0.0,0.0,0.0,0.0,0.0,0.0,0.0,0.0,0.0,0.0,4.121122241120153,8.39316609089016,12.662738497768885,16.92910448091047,21.191206550839645,25.447466793006214,29.695423663433683,33.931017727293344,38.147059227459515,42.32954731878144,46.447381456421226,50.4168515250009,53.93908473268674,55.71428571428572,53.93908473268674,50.4168515250009,46.447381456421226,42.32954731878144,38.147059227459515,33.931017727293344,29.695423663433683,25.447466793006214,21.191206550839645,16.92910448091047,12.662738497768885,8.39316609089016,4.121122241120153,0.0,0.0
0.0,0.0,0.0,0.0,0.0,0.0,0.0,0.0,0.0,0.0,0.0,0.0,0.0,0.0,0.0,0.0,0.0,0.0,0.0,0.0,0.0,0.0,0.0,0.0,0.0,0.0,0.0,0.0,0.0,0.0,0.0,0.0,0.0,0.0,0.0,0.0,0.0,0.0,0.0,0.0,0.0,0.0,0.0,0.0,0.0,0.0,0.0,0.0,0.0,0.0,0.0,0.0,0.0,0.0,0.0,0.0,0.0,0.0,0.0,0.0,0.0,0.0,0.0,0.0,0.0,0.0,0.0,0.0,3.6302295515746885,7.862035454586693,12.084257625004502,16.29411845491899,20.487666611601913,24.65909463756291,28.79952904594063,32.89476291284245,36.92072225513783,40.83370305000179,44.54763739086862,47.87816946537347,50.4168515250009,51.42857142857143,50.4168515250009,47.87816946537347,44.54763739086862,40.83370305000179,36.92072225513783,32.89476291284245,28.79952904594063,24.65909463756291,20.487666611601913,16.29411845491899,12.084257625004502,7.862035454586693,3.6302295515746885,0.0,0.0
0.0,0.0,0.0,0.0,0.0,0.0,0.0,0.0,0.0,0.0,0.0,0.0,0.0,0.0,0.0,0.0,0.0,0.0,0.0,0.0,0.0,0.0,0.0,0.0,0.0,0.0,0.0,0.0,0.0,0.0,0.0,0.0,0.0,0.0,0.0,0.0,0.0,0.0,0.0,0.0,0.0,0.0,0.0,0.0,0.0,0.0,0.0,0.0,0.0,0.0,0.0,0.0,0.0,0.0,0.0,0.0,0.0,0.0,0.0,0.0,0.0,0.0,0.0,0.0,0.0,0.0,0.0,0.0,2.8214397251728562,6.988641956344365,11.135338924322658,15.255829247526215,19.34214436926369,23.3828410914963,27.360972403440385,31.25055457500271,35.0102061649487,38.57142857142857,41.81725419806021,44.54763739086862,46.447381456421226,47.14285714285715,46.447381456421226,44.54763739086862,41.81725419806021,38.57142857142857,35.0102061649487,31.25055457500271,27.360972403440385,23.3828410914963,19.34214436926369,15.255829247526215,11.135338924322658,6.988641956344365,2.8214397251728562,0.0,0.0
0.0,0.0,0.0,0.0,0.0,0.0,0.0,0.0,0.0,0.0,0.0,0.0,0.0,0.0,0.0,0.0,0.0,0.0,0.0,0.0,0.0,0.0,0.0,0.0,0.0,0.0,0.0,0.0,0.0,0.0,0.0,0.0,0.0,0.0,0.0,0.0,0.0,0.0,0.0,0.0,0.0,0.0,0.0,0.0,0.0,0.0,0.0,0.0,0.0,0.0,0.0,0.0,0.0,0.0,0.0,0.0,0.0,0.0,0.0,0.0,0.0,0.0,0.0,0.0,0.0,0.0,0.0,0.0,1.7079835339909555,5.789525825684924,9.837000382630176,13.841444510275682,17.790609420873835,21.667406100003603,25.447466793006214,29.095274781737235,32.558038982430645,35.75633893074694,38.57142857142857,40.83370305000179,42.32954731878144,42.857142857142854,42.32954731878144,40.83370305000179,38.57142857142857,35.75633893074694,32.558038982430645,29.095274781737235,25.447466793006214,21.667406100003603,17.790609420873835,13.841444510275682,9.837000382630176,5.789525825684924,1.7079835339909555,0.0,0.0
0.0,0.0,0.0,0.0,0.0,0.0,0.0,0.0,0.0,0.0,0.0,0.0,0.0,0.0,0.0,0.0,0.0,0.0,0.0,0.0,0.0,0.0,0.0,0.0,0.0,0.0,0.0,0.0,0.0,0.0,0.0,0.0,0.0,0.0,0.0,0.0,0.0,0.0,0.0,0.0,0.0,0.0,0.0,0.0,0.0,1.716338739430876,4.5230632565871005,6.915409986341977,8.884908652197097,10.424412240114465,11.528221714306783,12.192188868697654,12.413793103448254,12.192188868697654,11.528221714306783,10.424412240114465,8.884908652197097,6.915409986341977,4.5230632565871005,1.716338739430876,0.0,0.0,0.0,0.0,0.0,0.0,0.0,0.0,0.30690738349663294,4.285714285714284,8.215517256023261,12.084257625004502,15.87587082434143,19.568652291185984,23.132891712674457,26.527501388971483,29.695423663433683,32.558038982430645,35.0102061649487,36.92072225513783,38.147059227459515,38.57142857142857,38.147059227459515,36.92072225513783,35.0102061649487,32.558038982430645,29.695423663433683,26.527501388971483,23.132891712674457,19.568652291185984,15.87587082434143,12.084257625004502,8.215517256023261,4.285714285714284,0.30690738349663294,0.0,0.0
0.0,0.0,0.0,0.0,0.0,0.0,0.0,0.0,0.0,0.0,0.0,0.0,0.0,0.0,0.0,0.0,0.0,0.0,0.0,0.0,0.0,0.0,0.0,0.0,0.0,0.0,0.0,0.0,0.0,0.0,0.0,0.0,0.0,0.0,0.0,0.0,0.0,0.0,0.0,0.0,0.0,0.0,2.5775987862297356,6.697254519119008,10.424412240114465,13.746396885980197,16.65144779736836,19.12890493872044,21.169388756949985,22.764967269365172,23.9093039003367,24.597779931154054,24.82758620689657,24.597779931154054,23.9093039003367,22.764967269365172,21.169388756949985,19.12890493872044,16.65144779736836,13.746396885980197,10.424412240114465,6.697254519119008,2.5775987862297356,0.0,0.0,0.0,0.0,0.0,0.0,2.501109150005405,6.300153916535711,10.020412329897422,13.642912172605843,17.142857142857142,20.487666611601913,23.634508396120424,26.527501388971483,29.095274781737235,31.25055457500271,32.89476291284245,33.931017727293344,34.285714285714285,33.931017727293344,32.89476291284245,31.25055457500271,29.095274781737235,26.527501388971483,23.634508396120424,20.487666611601913,17.142857142857142,13.642912172605843,10.020412329897422,6.300153916535711,2.501109150005405,0.0,0.0,0.0
0.0,0.0,0.0,0.0,0.0,0.0,0.0,0.0,0.0,0.0,0.0,0.0,0.0,0.0,0.0,0.0,0.0,0.0,0.0,0.0,0.0,0.0,0.0,0.0,0.0,0.0,0.0,0.0,0.0,0.0,0.0,0.0,0.0,0.0,0.0,0.0,0.0,0.0,0.0,0.0,4.5230632565871005,9.543867802929839,14.191739325083963,18.451452607507758,22.30831840380966,25.748391281306642,28.75868530444963,31.32739129968681,33.44408843670854,35.09994219387145,36.287880569247754,37.00274074118844,37.241379310344826,37.00274074118844,36.287880569247754,35.09994219387145,33.44408843670854,31.32739129968681,28.75868530444963,25.748391281306642,22.30831840380966,18.451452607507758,14.191739325083963,9.543867802929839,4.5230632565871005,0.0,0.0,0.0,0.0,0.4609543309294106,4.121122241120153,7.686190218284138,11.135338924322658,14.442232231137213,17.57359312880715,20.487666611601913,23.132891712674457,25.447466793006214,27.360972403440385,28.79952904594063,29.695423663433683,30.0,29.695423663433683,28.79952904594063,27.360972403440385,25.447466793006214,23.132891712674457,20.487666611601913,17.57359312880715,14.442232231137213,11.135338924322658,7.686190218284138,4.121122241120153,0.4609543309294106,0.0,0.0,0.0
0.0,0.0,0.0,0.0,0.0,0.0,0.0,0.0,0.0,0.0,0.0,0.0,0.0,0.0,0.0,0.0,0.0,0.0,0.0,0.0,0.0,0.0,0.0,0.0,0.0,0.0,0.0,0.0,0.0,0.0,0.0,0.0,0.0,0.0,0.0,0.0,0.0,0.0,4.306375070207924,10.204068324280417,15.75497485583882,20.942061920747676,25.748391281306642,30.15731779233709,34.1527096947305,37.71918656075989,40.842369132022164,43.50913363906853,45.70786176400146,47.42867639137227,48.663652866592884,49.406995782699994,49.65517241379314,49.406995782699994,48.663652866592884,47.42867639137227,45.70786176400146,43.50913363906853,40.842369132022164,37.71918656075989,34.1527096947305,30.15731779233709,25.748391281306642,20.942061920747676,15.75497485583882,10.204068324280417,4.306375070207924,0.0,0.0,0.0,1.7079835339909555,5.116077964861297,8.39316609089016,11.512677861493884,14.442232231137213,17.142857142857142,19.568652291185984,21.667406100003603,23.3828410914963,24.65909463756291,25.447466793006214,25.714285714285715,25.447466793006214,24.65909463756291,23.3828410914963,21.667406100003603,19.568652291185984,17.142857142857142,14.442232231137213,11.512677861493884,8.39316609089016,5.116077964861297,1.7079835339909555,0.0,0.0,0.0,0.0
0.0,0.0,0.0,0.0,0.0,0.0,0.0,0.0,0.0,0.0,0.0,0.0,0.0,0.0,0.0,0.0,0.0,0.0,0.0,0.0,0.0,0.0,0.0,0.0,0.0,0.0,0.0,0.0,0.0,0.0,0.0,0.0,0.0,0.0,0.0,0.0,1.931459540127971,8.66553025444373,15.084149227453121,21.169388756949985,26.902977144858884,32.26645781518132,37.241379310344826,41.809515691623005,45.953115128105765,49.65517241379314,52.89971891951217,55.67212124363759,57.95937780588151,59.75040109784711,61.03627252653613,61.810456978817015,62.06896551724135,61.810456978817015,61.03627252653613,59.75040109784711,57.95937780588151,55.67212124363759,52.89971891951217,49.65517241379314,45.953115128105765,41.809515691623005,37.241379310344826,32.26645781518132,26.902977144858884,21.169388756949985,15.084149227453121,8.66553025444373,1.931459540127971,0.0,0.0,2.341611226826961,5.451762594180622,8.39316609089016,11.135338924322658,13.642912172605843,15.87587082434143,17.790609420873835,19.34214436926369,20.487666611601913,21.191206550839645,21.428571428571427,21.191206550839645,20.487666611601913,19.34214436926369,17.790609420873835,15.87587082434143,13.642912172605843,11.135338924322658,8.39316609089016,5.451762594180622,2.341611226826961,0.0,0.0,0.0,0.0,0.0
0.0,0.0,0.0,0.0,0.0,0.0,0.0,0.0,0.0,0.0,0.0,0.0,0.0,0.0,0.0,0.0,0.0,0.0,0.0,0.0,0.0,0.0,0.0,0.0,0.0,0.0,0.0,0.0,0.0,0.0,0.0,0.0,0.0,0.0,0.0,4.956836373308106,12.192188868697654,19.12890493872044,25.748391281306642,32.03143911005194,37.958356028536244,43.50913363906853,48.663652866592884,53.401927401224214,57.70438356697021,61.55217235436756,64.92750643850367,67.81401196287345,70.19708201556203,72.06421643396186,73.4053312398986,74.21302096829783,74.48275862068965,74.21302096829783,73.4053312398986,72.06421643396186,70.19708201556203,67.81401196287345,64.92750643850367,61.55217235436756,57.70438356697021,53.401927401224214,48.663652866592884,43.50913363906853,37.958356028536244,32.03143911005194,25.748391281306642,19.12890493872044,12.192188868697654,4.956836373308106,0.0,0.0,2.341611226826961,5.116077964861297,7.686190218284138,10.020412329897422,12.084257625004502,13.841444510275682,15.255829247526215,16.29411845491899,16.92910448091047,17.142857142857142,16.92910448091047,16.29411845491899,15.255829247526215,13.841444510275682,12.084257625004502,10.020412329897422,7.686190218284138,5.116077964861297,2.341611226826961,0.0,0.0,0.0,0.0,0.0,0.0
0.0,0.0,0.0,0.0,0.0,0.0,0.0,0.0,0.0,0.0,0.0,0.0,0.0,0.0,0.0,0.0,0.0,0.0,0.0,0.0,0.0,0.0,0.0,0.0,0.0,0.0,0.0,0.0,0.0,0.0,0.0,0.0,0.0,0.0,7.133700325608116,14.8608304272535,22.30831840380966,29.457261789657565,36.287880569247754,42.77961088930829,48.911236481999985,54.661062382787335,60.00713444868651,64.92750643850367,69.40055394075414,73.4053312398986,76.92196342366229,79.93206191970671,82.41914762071575,84.36906234404046,85.77034715948871,86.61456564150737,86.89655172413795,86.61456564150737,85.77034715948871,84.36906234404046,82.41914762071575,79.93206191970671,76.92196342366229,73.4053312398986,69.40055394075414,64.92750643850367,60.00713444868651,54.661062382787335,48.911236481999985,42.77961088930829,36.287880569247754,29.457261789657565,22.30831840380966,14.8608304272535,7.133700325608116,0.0,0.0,1.7079835339909555,4.121122241120153,6.300153916535711,8.215517256023261,9.837000382630176,11.135338924322658,12.084257625004502,12.662738497768885,12.857142857142858,12.662738497768885,12.084257625004502,11.135338924322658,9.837000382630176,8.215517256023261,6.300153916535711,4.121122241120153,1.7079835339909555,0.0,0.0,0.0,0.0,0.0,0.0,0.0
0.0,0.0,0.0,0.0,0.0,0.0,0.0,0.0,0.0,0.0,0.0,0.0,0.0,0.0,0.0,0.0,0.0,0.0,0.0,0.0,0.0,0.0,0.0,0.0,0.0,0.0,0.0,0.0,0.0,0.0,0.0,0.0,0.0,8.446288754326423,16.65144779736836,24.597779931154054,32.26645781518132,39.637541779102165,46.69002709761195,53.401927401224214,59.75040109784711,65.711927392642,71.26253752684948,76.37810502299922,81.03469587834749,85.20897573709262,88.87866619231171,92.02303682164674,94.62341387877578,96.66368148914773,98.13074760336428,99.01494569012722,99.31034482758625,99.01494569012722,98.13074760336428,96.66368148914773,94.62341387877578,92.02303682164674,88.87866619231171,85.20897573709262,81.03469587834749,76.37810502299922,71.26253752684948,65.711927392642,59.75040109784711,53.401927401224214,46.69002709761195,39.637541779102165,32.26645781518132,24.597779931154054,16.65144779736836,8.446288754326423,0.0,0.0,0.4609543309294106,2.501109150005405,4.285714285714284,5.789525825684924,6.988641956344365,7.862035454586693,8.39316609089016,8.571428571428575,8.39316609089016,7.862035454586693,6.988641956344365,5.789525825684924,4.285714285714284,2.501109150005405,0.4609543309294106,0.0,0.0,0.0,0.0,0.0,0.0,0.0,0.0
0.0,0.0,0.0,0.0,0.0,0.0,0.0,0.0,0.0,0.0,0.0,0.0,0.0,0.0,0.0,0.0,0.0,0.0,0.0,0.0,0.0,0.0,0.0,0.0,0.0,0.0,0.0,0.0,0.0,0.0,0.0,0.0,8.884908652197097,17.55026753874898,25.97898917610101,34.1527096947305,42.051762003334424,49.65517241379314,56.94068816109432,63.88484420168535,70.463078324923,76.64990373897948,82.41914762071575,87.74426235151482,92.59871302504531,96.95644013275333,100.79239012360016,104.0830990995935,106.80730691125483,108.94657138564114,110.48584664803307,111.41398682688673,111.72413793103458,111.41398682688673,110.48584664803307,108.94657138564114,106.80730691125483,104.0830990995935,100.79239012360016,96.95644013275333,92.59871302504531,87.74426235151482,82.41914762071575,76.64990373897948,70.463078324923,63.88484420168535,56.94068816109432,49.65517241379314,42.051762003334424,34.1527096947305,25.97898917610101,17.55026753874898,8.884908652197097,0.0,0.0,0.0,0.30690738349663294,1.7079835339909555,2.8214397251728562,3.6302295515746885,4.121122241120153,4.285714285714284,4.121122241120153,3.6302295515746885,2.8214397251728562,1.7079835339909555,0.30690738349663294,0.0,0.0,0.0,0.0,0.0,0.0,0.0,0.0,0.0,0.0
0.0,0.0,0.0,0.0,0.0,0.0,0.0,0.0,0.0,0.0,0.0,0.0,0.0,0.0,0.0,0.0,0.0,0.0,0.0,0.0,0.0,0.0,0.0,0.0,0.0,0.0,0.0,0.0,0.0,0.0,0.0,8.446288754326423,17.55026753874898,26.44066321958724,35.09994219387145,43.50913363906853,51.647776178295146,59.49388708360875,67.02396278385235,74.21302096829783,81.03469587834749,87.46139917117056,93.4645586451655,99.01494569012722,104.0830990995935,108.6398474733113,112.65692468063243,116.10766298000485,118.96773717168493,121.2159219930454,122.8348157642963,123.8114781876358,124.1379310344827,123.8114781876358,122.8348157642963,121.2159219930454,118.96773717168493,116.10766298000485,112.65692468063243,108.6398474733113,104.0830990995935,99.01494569012722,93.4645586451655,87.46139917117056,81.03469587834749,74.21302096829783,67.02396278385235,59.49388708360875,51.647776178295146,43.50913363906853,35.09994219387145,26.44066321958724,17.55026753874898,8.446288754326423,0.0,0.0,0.0,0.0,0.0,0.0,0.0,0.0,0.0,0.0,0.0,0.0,0.0,0.0,0.0,0.0,0.0,0.0,0.0,0.0,0.0,0.0,0.0
0.0,0.0,0.0,0.0,0.0,0.0,0.0,0.0,0.0,0.0,0.0,0.0,0.0,0.0,0.0,0.0,0.0,0.0,0.0,0.0,0.0,0.0,0.0,0.0,0.0,0.0,0.0,0.0,0.0,0.0,7.133700325608116,16.65144779736836,25.97898917610101,35.09994219387145,43.9964177869774,52.64892240480134,61.03627252653613,69.13552931106256,76.92196342366229,84.36906234404046,91.44859465509593,98.13074760336428,104.38435512032278,110.1772328586442,115.47663388644152,120.24983276903221,124.46483634607932,128.09120657872458,131.10096519824563,133.46953335441117,135.1766448462435,136.20716221258,136.55172413793105,136.20716221258,135.1766448462435,133.46953335441117,131.10096519824563,128.09120657872458,124.46483634607932,120.24983276903221,115.47663388644152,110.1772328586442,104.38435512032278,98.13074760336428,91.44859465509593,84.36906234404046,76.92196342366229,69.13552931106256,61.03627252653613,52.64892240480134,43.9964177869774,35.09994219387145,25.97898917610101,16.65144779736836,7.133700325608116,0.0,0.0,0.0,0.0,0.0,0.0,0.0,0.0,0.0,0.0,0.0,0.0,0.0,0.0,0.0,0.0,0.0,0.0,0.0,0.0,0.0,0.0
0.0,0.0,0.0,0.0,0.0,0.0,0.0,0.0,0.0,0.0,0.0,0.0,0.0,0.0,0.0,0.0,0.0,0.0,0.0,0.0,0.0,0.0,0.0,0.0,0.0,0.0,0.0,0.0,0.0,4.956836373308106,14.8608304272535,24.597779931154054,34.1527096947305,43.50913363906853,52.64892240480134,61.55217235436756,70.19708201556203,78.55984430678144,86.61456564150737,94.33322616373208,101.68569873080924,108.6398474733113,115.16172922780115,121.2159219930454,126.76600268620226,131.7751906239281,136.20716221258,140.02702576548396,143.20242376668028,145.70470549698123,147.51008976880937,148.60072097470675,148.9655172413793,148.60072097470675,147.51008976880937,145.70470549698123,143.20242376668028,140.02702576548396,136.20716221258,131.7751906239281,126.76600268620226,121.2159219930454,115.16172922780115,108.6398474733113,101.68569873080924,94.33322616373208,86.61456564150737,78.55984430678144,70.19708201556203,61.55217235436756,52.64892240480134,43.50913363906853,34.1527096947305,24.597779931154054,14.8608304272535,4.956836373308106,0.0,0.0,0.0,0.0,0.0,0.0,0.0,0.0,0.0,0.0,0.0,0.0,0.0,0.0,0.0,0.0,0.0,0.0,0.0,0.0,0.0
0.0,0.0,0.0,0.0,0.0,0.0,0.0,0.0,0.0,0.0,0.0,0.0,0.0,0.0,0.0,0.0,0.0,0.0,0.0,0.0,0.0,0.0,0.0,0.0,0.0,0.0,0.0,0.0,1.931459540127971,12.192188868697654,22.30831840380966,32.26645781518132,42.051762003334424,51.647776178295146,61.03627252653613,70.19708201556203,79.10792692175764,87.74426235151482,96.07913844245004,104.0830990995935,111.72413793103458,118.96773717168493,125.77702016962915,132.11305137079665,137.9353180965726,143.20242376668028,147.873010461082,151.90690823701817,155.26647927967474,157.91808915186564,159.83360073189812,160.99175741112757,161.37931034482747,160.99175741112757,159.83360073189812,157.91808915186564,155.26647927967474,151.90690823701817,147.873010461082,143.20242376668028,137.9353180965726,132.11305137079665,125.77702016962915,118.96773717168493,111.72413793103458,104.0830990995935,96.07913844245004,87.74426235151482,79.10792692175764,70.19708201556203,61.03627252653613,51.647776178295146,42.051762003334424,32.26645781518132,22.30831840380966,12.192188868697654,1.931459540127971,0.0,0.0,0.0,0.0,0.0,0.0,0.0,0.0,0.0,0.0,0.0,0.0,0.0,0.0,0.0,0.0,0.0,0.0,0.0,0.0
0.0,0.0,0.0,0.0,0.0,0.0,0.0,0.0,0.0,0.0,0.0,0.0,0.0,0.0,0.0,0.0,0.0,0.0,0.0,0.0,0.0,0.0,0.0,0.0,0.0,0.0,0.0,0.0,8.66553025444373,19.12890493872044,29.457261789657565,39.637541779102165,49.65517241379314,59.49388708360875,69.13552931106256,78.55984430678144,87.74426235151482,96.66368148914773,105.29026102324309,113.59324252205116,121.53882150250077,129.0901004970422,136.20716221258,142.84730874369228,148.9655172413793,154.51516108245298,159.44903476878403,163.72069695506622,167.28610721884115,170.10548018344116,172.14522268442198,173.3797690960605,173.79310344827584,173.3797690960605,172.14522268442198,170.10548018344116,167.28610721884115,163.72069695506622,159.44903476878403,154.51516108245298,148.9655172413793,142.84730874369228,136.20716221258,129.0901004970422,121.53882150250077,113.59324252205116,105.29026102324309,96.66368148914773,87.74426235151482,78.55984430678144,69.13552931106256,59.49388708360875,49.65517241379314,39.637541779102165,29.457261789657565,19.12890493872044,8.66553025444373,0.0,0.0,0.0,0.0,0.0,0.0,0.0,0.0,0.0,0.0,0.0,0.0,0.0,0.0,0.0,0.0,0.0,0.0,0.0,0.0
0.0,0.0,0.0,0.0,0.0,0.0,0.0,0.0,0.0,0.0,0.0,0.0,0.0,0.0,0.0,0.0,0.0,0.0,0.0,0.0,0.0,0.0,0.0,0.0,0.0,0.0,0.0,4.306375070207924,15.084149227453121,25.748391281306642,36.287880569247754,46.69002709761195,56.94068816109432,67.02396278385235,76.92196342366229,86.61456564150737,96.07913844245004,105.29026102324309,114.21943605653787,122.8348157642963,131.10096519824563,138.97869747188452,146.42502785273484,153.39330649125637,159.83360073189812,165.69340333450103,170.9187366819995,175.4556983091496,179.25244412820786,182.26153162829354,184.4424543260986,185.76411085715336,186.20689655172416,185.76411085715336,184.4424543260986,182.26153162829354,179.25244412820786,175.4556983091496,170.9187366819995,165.69340333450103,159.83360073189812,153.39330649125637,146.42502785273484,138.97869747188452,131.10096519824563,122.8348157642963,114.21943605653787,105.29026102324309,96.07913844245004,86.61456564150737,76.92196342366229,67.02396278385235,56.94068816109432,46.69002709761195,36.287880569247754,25.748391281306642,15.084149227453121,4.306375070207924,0.0,0.0,0.0,0.0,0.0,0.0,0.0,0.0,0.0,0.0,0.0,0.0,0.0,0.0,0.0,0.0,0.0,0.0,0.0
0.0,0.0,0.0,0.0,0.0,0.0,0.0,0.0,0.0,0.0,0.0,0.0,0.0,0.0,0.0,0.0,0.0,0.0,0.0,0.0,0.0,0.0,0.0,0.0,0.0,0.0,0.0,10.204068324280417,21.169388756949985,32.03143911005194,42.77961088930829,53.401927401224214,63.88484420168535,74.21302096829783,84.36906234404046,94.33322616373208,104.0830990995935,113.59324252205116,122.8348157642963,131.7751906239281,140.37758052884524,148.60072097470675,156.3986548941923,163.72069695506622,170.5116721348086,176.7125413212405,182.26153162829354,187.09586966254187,191.1541592019048,194.37934265222475,196.72204421835434,198.14394028462397,198.6206896551725,198.14394028462397,196.72204421835434,194.37934265222475,191.1541592019048,187.09586966254187,182.26153162829354,176.7125413212405,170.5116721348086,163.72069695506622,156.3986548941923,148.60072097470675,140.37758052884524,131.7751906239281,122.8348157642963,113.59324252205116,104.0830990995935,94.33322616373208,84.36906234404046,74.21302096829783,63.88484420168535,53.401927401224214,42.77961088930829,32.03143911005194,21.169388756949985,10.204068324280417,0.0,0.0,0.0,0.0,0.0,0.0,0.0,0.0,0.0,0.0,0.0,0.0,0.0,0.0,0.0,0.0,0.0,0.0,0.0
0.0,0.0,0.0,0.0,0.0,0.0,0.0,0.0,0.0,0.0,0.0,0.0,0.0,0.0,0.0,0.0,0.0,0.0,0.0,0.0,0.0,0.0,0.0,0.0,0.0,0.0,4.5230632565871005,15.75497485583882,26.902977144858884,37.958356028536244,48.911236481999985,59.75040109784711,70.463078324923,81.03469587834749,91.44859465509593,101.68569873080924,111.72413793103458,121.53882150250077,131.10096519824563,140.37758052884524,149.33094519131828,157.91808915186564,166.09035287404163,173.79310344827584,180.965729770064,187.54207461372653,193.45148857242953,198.6206896551725,202.97655756405294,206.44985945975617,208.9796889029408,210.5181362632681,211.03448275862075,210.5181362632681,208.9796889029408,206.44985945975617,202.97655756405294,198.6206896551725,193.45148857242953,187.54207461372653,180.965729770064,173.79310344827584,166.09035287404163,157.91808915186564,149.33094519131828,140.37758052884524,131.10096519824563,121.53882150250077,111.72413793103458,101.68569873080924,91.44859465509593,81.03469587834749,70.463078324923,59.75040109784711,48.911236481999985,37.958356028536244,26.902977144858884,15.75497485583882,4.5230632565871005,0.0,0.0,0.0,0.0,0.0,0.0,0.0,0.0,0.0,0.0,0.0,0.0,0.0,0.0,0.0,0.0,0.0,0.0
0.0,0.0,0.0,0.0,0.0,0.0,0.0,0.0,0.0,0.0,0.0,0.0,0.0,0.0,0.0,0.0,0.0,0.0,0.0,0.0,0.0,0.0,0.0,0.0,0.0,0.0,9.543867802929839,20.942061920747676,32.26645781518132,43.50913363906853,54.661062382787335,65.711927392642,76.64990373897948,87.46139917117056,98.13074760336428,108.6398474733113,118.96773717168493,129.0901004970422,138.97869747188452,148.60072097470675,157.91808915186564,166.88669975870837,175.4556983091496,183.56685016280403,191.1541592019048,198.14394028462397,204.45561824099997,210.0035672243432,214.70027697037705,218.46098171183115,221.2095738103579,222.88517357974433,223.44827586206915,222.88517357974433,221.2095738103579,218.46098171183115,214.70027697037705,210.0035672243432,204.45561824099997,198.14394028462397,191.1541592019048,183.56685016280403,175.4556983091496,166.88669975870837,157.91808915186564,148.60072097470675,138.97869747188452,129.0901004970422,118.96773717168493,108.6398474733113,98.13074760336428,87.46139917117056,76.64990373897948,65.711927392642,54.661062382787335,43.50913363906853,32.26645781518132,20.942061920747676,9.543867802929839,0.0,0.0,0.0,0.0,0.0,0.0,0.0,0.0,0.0,0.0,0.0,0.0,0.0,0.0,0.0,0.0,0.0,0.0
0.0,0.0,0.0,0.0,0.0,0.0,0.0,0.0,0.0,0.0,0.0,0.0,0.0,0.0,0.0,0.0,0.0,0.0,0.0,0.0,0.0,0.0,0.0,0.0,0.0,2.5775987862297356,14.191739325083963,25.748391281306642,37.241379310344826,48.663652866592884,60.00713444868651,71.26253752684948,82.41914762071575,93.4645586451655,104.38435512032278,115.16172922780115,125.77702016962915,136.20716221258,146.42502785273484,156.3986548941923,166.09035287404163,175.4556983091496,184.4424543260986,192.98949458805058,201.02588100166736,208.47034408054722,215.23153916246144,221.2095738103579,226.2993565125228,230.3961950617999,233.40365345562742,234.368833779542,235.86206896551715,235.2429233240165,233.40365345562742,230.3961950617999,226.2993565125228,221.2095738103579,215.23153916246144,208.47034408054722,201.02588100166736,192.98949458805058,184.4424543260986,175.4556983091496,166.09035287404163,156.3986548941923,146.42502785273484,136.20716221258,125.77702016962915,115.16172922780115,104.38435512032278,93.4645586451655,82.41914762071575,71.26253752684948,60.00713444868651,48.663652866592884,37.241379310344826,25.748391281306642,14.191739325083963,2.5775987862297356,0.0,0.0,0.0,0.0,0.0,0.0,0.0,0.0,0.0,0.0,0.0,0.0,0.0,0.0,0.0,0.0,0.0
0.0,0.0,0.0,0.0,0.0,0.0,0.0,0.0,0.0,0.0,0.0,0.0,0.0,0.0,0.0,0.0,0.0,0.0,0.0,0.0,0.0,0.0,0.0,0.0,0.0,6.697254519119008,18.451452607507758,30.15731779233709,41.809515691623005,53.401927401224214,64.92750643850367,76.37810502299922,87.74426235151482,99.01494569012722,110.1772328586442,121.2159219930454,132.11305137079665,142.84730874369228,153.39330649125637,163.72069695506622,173.79310344827584,183.56685016280403,192.98949458805058,201.9982088934887,210.5181362632681,218.46098171183115,225.72429732754804,232.1921775601612,235.9627625492108,240.2649270728893,243.60513874948472,245.8409806363064,246.77074464138116,246.3689557954467,244.56315146511966,242.23241817303972,237.7383169432208,232.1921775601612,225.72429732754804,218.46098171183115,210.5181362632681,201.9982088934887,192.98949458805058,183.56685016280403,173.79310344827584,163.72069695506622,153.39330649125637,142.84730874369228,132.11305137079665,121.2159219930454,110.1772328586442,99.01494569012722,87.74426235151482,76.37810502299922,64.92750643850367,53.401927401224214,41.809515691623005,30.15731779233709,18.451452607507758,6.697254519119008,0.0,0.0,0.0,0.0,0.0,0.0,0.0,0.0,0.0,0.0,0.0,0.0,0.0,0.0,0.0,0.0,0.0
0.0,0.0,0.0,0.0,0.0,0.0,0.0,0.0,0.0,0.0,0.0,0.0,0.0,0.0,0.0,0.0,0.0,0.0,0.0,0.0,0.0,0.0,0.0,0.0,0.0,10.424412240114465,22.30831840380966,34.1527096947305,45.953115128105765,57.70438356697021,69.40055394075414,81.03469587834749,92.59871302504531,104.0830990995935,115.47663388644152,126.76600268620226,137.9353180965726,148.9655172413793,159.83360073189812,170.5116721348086,180.965729770064,191.1541592019048,201.02588100166736,210.5181362632681,219.55396346087866,228.03956922122495,233.43582834966844,239.5787351786383,245.13609696642573,249.85577973774298,253.76442761678874,256.54062234749824,257.9560568746022,257.79250983681675,256.0259754837597,252.66864258006237,248.00268253623798,242.88851008481458,235.86206896551715,228.03956922122495,219.55396346087866,210.5181362632681,201.02588100166736,191.1541592019048,180.965729770064,170.5116721348086,159.83360073189812,148.9655172413793,137.9353180965726,126.76600268620226,115.47663388644152,104.0830990995935,92.59871302504531,81.03469587834749,69.40055394075414,57.70438356697021,45.953115128105765,34.1527096947305,22.30831840380966,10.424412240114465,0.0,0.0,0.0,0.0,0.0,0.0,0.0,0.0,0.0,0.0,0.0,0.0,0.0,0.0,0.0,0.0,0.0
0.0,0.0,0.0,0.0,0.0,0.0,0.0,0.0,0.0,0.0,0.0,0.0,0.0,0.0,0.0,0.0,0.0,0.0,0.0,0.0,0.0,0.0,0.0,0.0,1.716338739430876,13.746396885980197,25.748391281306642,37.71918656075989,49.65517241379314,61.55217235436756,73.4053312398986,85.20897573709262,96.95644013275333,108.6398474733113,120.24983276903221,131.7751906239281,143.20242376668028,154.51516108245298,165.69340333450103,176.7125413212405,187.54207461372653,198.14394028462397,208.47034408054722,218.46098171183115,228.03956922122495,233.85202666414426,240.72897328484981,247.18030315896453,253.19111908255874,258.48539275674216,262.94031688956187,266.36870078550106,268.46050510795413,268.83502804130364,267.2196369066601,263.6519226785158,258.5034511377715,252.22261373910555,245.55048259912266,237.10971802826901,228.03956922122495,218.46098171183115,208.47034408054722,198.14394028462397,187.54207461372653,176.7125413212405,165.69340333450103,154.51516108245298,143.20242376668028,131.7751906239281,120.24983276903221,108.6398474733113,96.95644013275333,85.20897573709262,73.4053312398986,61.55217235436756,49.65517241379314,37.71918656075989,25.748391281306642,13.746396885980197,1.716338739430876,0.0,0.0,0.0,0.0,0.0,0.0,0.0,0.0,0.0,0.0,0.0,0.0,0.0,0.0,0.0,0.0
0.0,0.0,0.0,0.0,0.0,0.0,0.0,0.0,0.0,0.0,0.0,0.0,0.0,0.0,0.0,0.0,0.0,0.0,0.0,0.0,0.0,0.0,0.0,0.0,4.5230632565871005,16.65144779736836,28.75868530444963,40.842369132022164,52.89971891951217,64.92750643850367,76.92196342366229,88.87866619231171,100.79239012360016,112.65692468063243,124.46483634607932,136.20716221258,147.873010461082,159.44903476878403,170.9187366819995,182.26153162829354,193.45148857242953,204.45561824099997,215.23153916246144,225.72429732754804,232.6479699125181,239.9713192010917,247.1155734111386,254.02771901819773,260.40737674991993,266.12528155874065,271.09661936111496,275.1883292305737,278.05626385723593,279.1600541151777,277.96360799839863,274.3615197695161,268.7020073781357,261.7276653705919,254.66547259565905,245.55048259912266,235.86206896551715,225.72429732754804,215.23153916246144,204.45561824099997,193.45148857242953,182.26153162829354,170.9187366819995,159.44903476878403,147.873010461082,136.20716221258,124.46483634607932,112.65692468063243,100.79239012360016,88.87866619231171,76.92196342366229,64.92750643850367,52.89971891951217,40.842369132022164,28.75868530444963,16.65144779736836,4.5230632565871005,0.0,0.0,0.0,0.0,0.0,0.0,0.0,0.0,0.0,0.0,0.0,0.0,0.0,0.0,0.0,0.0
0.0,0.0,0.0,0.0,0.0,0.0,0.0,0.0,0.0,0.0,0.0,0.0,0.0,0.0,0.0,0.0,0.0,0.0,0.0,0.0,0.0,0.0,0.0,0.0,6.915409986341977,19.12890493872044,31.32739129968681,43.50913363906853,55.67212124363759,67.81401196287345,79.93206191970671,92.02303682164674,104.0830990995935,116.10766298000485,128.09120657872458,140.02702576548396,151.90690823701817,163.72069695506622,175.4556983091496,187.09586966254187,198.6206896551725,210.0035672243432,221.2095738103579,229.53830506902776,237.54939257415145,245.2987460342033,252.93817444456036,260.21605818123476,266.9723627760933,273.08889212761403,278.52352610134324,283.2251986391032,286.8598725395425,288.7682933399494,288.0968899425126,284.5301628213731,278.3910810942633,270.6279651065748,261.9404313829034,253.21251392636736,242.88851008481458,232.1921775601612,221.2095738103579,210.0035672243432,198.6206896551725,187.09586966254187,175.4556983091496,163.72069695506622,151.90690823701817,140.02702576548396,128.09120657872458,116.10766298000485,104.0830990995935,92.02303682164674,79.93206191970671,67.81401196287345,55.67212124363759,43.50913363906853,31.32739129968681,19.12890493872044,6.915409986341977,0.0,0.0,0.0,0.0,0.0,0.0,0.0,0.0,0.0,0.0,0.0,0.0,0.0,0.0,0.0,0.0
